50 50 M
1 1 -15001
1 2 -23610
1 3 6249
1 4 -14221
1 5 23633
1 6 -8961
1 7 5194
1 8 -10004
1 9 -24791
1 10 -819
1 11 -10054
1 12 22443
1 13 -15886
1 14 -24837
1 15 10723
1 16 24902
1 17 -32644
1 18 -7486
1 19 -30636
1 20 -22536
1 21 -23781
1 22 27112
1 23 19943
1 24 -15475
1 25 -28810
1 26 -23206
1 27 31022
1 28 -3485
1 29 16947
1 30 22431
1 31 17609
1 32 -30822
1 33 31590
1 34 -8910
1 35 -12275
1 36 22455
1 37 14897
1 38 25688
1 39 -20317
1 40 22874
1 41 -7899
1 42 2397
1 43 12549
1 44 8983
1 45 10328
1 46 -9495
1 47 1118
1 48 10452
1 49 15787
1 50 3250
2 2 20685
2 3 24774
2 4 -2405
2 5 7860
2 6 -23468
2 7 1553
2 8 17422
2 9 -25214
2 10 30836
2 11 1601
2 12 29985
2 13 15677
2 14 3548
2 15 28807
2 16 -26000
2 17 24041
2 18 18494
2 19 21665
2 20 16961
2 21 30945
2 22 11772
2 23 -23705
2 24 574
2 25 -8447
2 26 18046
2 27 -21865
2 28 14826
2 29 -13604
2 30 21355
2 31 -2154
2 32 22415
2 33 9272
2 34 -10148
2 35 -12758
2 36 -15636
2 37 -848
2 38 21563
2 39 -30981
2 40 6706
2 41 19631
2 42 3388
2 43 3924
2 44 2540
2 45 -25832
2 46 -37
2 47 9308
2 48 30978
2 49 -14310
2 50 -1794
2 1 15171
3 3 -16133
3 4 -22790
3 5 24234
3 6 17210
3 7 1531
3 8 9513
3 9 28113
3 10 -16410
3 11 28677
3 12 16700
3 13 14204
3 14 18324
3 15 -6795
3 16 -28712
3 17 -27202
3 18 10337
3 19 3209
3 20 27129
3 21 12124
3 22 -22853
3 23 13992
3 24 -17255
3 25 13839
3 26 -16235
3 27 -10319
3 28 -18965
3 29 25841
3 30 -12109
3 31 -507
3 32 -8721
3 33 -29705
3 34 16128
3 35 1257
3 36 27297
3 37 570
3 38 -29979
3 39 4042
3 40 -4085
3 41 -13621
3 42 -48
3 43 -20152
3 44 -32185
3 45 -14492
3 46 5821
3 47 -28129
3 48 -8925
3 49 -16610
3 50 7848
3 1 -14564
3 2 28283
4 4 17764
4 5 32197
4 6 -21740
4 7 -1165
4 8 -16806
4 9 709
4 10 12638
4 11 -23733
4 12 21369
4 13 -20637
4 14 315
4 15 24432
4 16 28260
4 17 -31196
4 18 18961
4 19 -3938
4 20 -28407
4 21 -9764
4 22 24746
4 23 -9260
4 24 22956
4 25 -28174
4 26 -8677
4 27 -24304
4 28 10415
4 29 -4037
4 30 -461
4 31 26573
4 32 -28957
4 33 17744
4 34 22088
4 35 21575
4 36 17173
4 37 -32420
4 38 -12357
4 39 -32401
4 40 1058
4 41 -32487
4 42 -23366
4 43 -10341
4 44 -20355
4 45 9717
4 46 -18677
4 47 -24863
4 48 11290
4 49 -32484
4 50 3967
4 1 15651
4 2 -9480
4 3 -4055
5 5 -26376
5 6 -19292
5 7 539
5 8 -2285
5 9 -10827
5 10 -21814
5 11 26446
5 12 21480
5 13 -28008
5 14 30258
5 15 6456
5 16 26848
5 17 19065
5 18 -9139
5 19 27197
5 20 -26060
5 21 -8772
5 22 -4513
5 23 -25778
5 24 631
5 25 17914
5 26 -13365
5 27 -22420
5 28 32005
5 29 -5460
5 30 21638
5 31 32289
5 32 31275
5 33 4522
5 34 -9958
5 35 -5547
5 36 10914
5 37 3518
5 38 27760
5 39 -24139
5 40 25459
5 41 -26821
5 42 -30460
5 43 14172
5 44 -22061
5 45 32566
5 46 -12140
5 47 -27981
5 48 18863
5 49 11490
5 50 31984
5 1 25572
5 2 -30050
5 3 -5297
5 4 32562
6 6 3349
6 7 -20151
6 8 -13571
6 9 13698
6 10 -20914
6 11 13737
6 12 2568
6 13 -21392
6 14 12244
6 15 -25678
6 16 1418
6 17 -26071
6 18 18004
6 19 -27832
6 20 -31078
6 21 26634
6 22 30396
6 23 -25131
6 24 28942
6 25 11800
6 26 -14424
6 27 28740
6 28 32428
6 29 -9637
6 30 14835
6 31 11150
6 32 -10420
6 33 7639
6 34 13869
6 35 17051
6 36 7433
6 37 -15550
6 38 29669
6 39 26630
6 40 30916
6 41 -24013
6 42 7599
6 43 717
6 44 -12637
6 45 -12924
6 46 7807
6 47 21549
6 48 -6227
6 49 -6956
6 50 26486
6 1 -4537
6 2 -13090
6 3 24114
6 4 3100
6 5 -16916
7 7 3146
7 8 21444
7 9 -20944
7 10 2806
7 11 -20960
7 12 26659
7 13 -18811
7 14 1388
7 15 1531
7 16 27826
7 17 -14329
7 18 -23804
7 19 -20492
7 20 -17428
7 21 -29941
7 22 -22343
7 23 -8672
7 24 10426
7 25 11142
7 26 11459
7 27 30270
7 28 -13819
7 29 241
7 30 -8724
7 31 11993
7 32 -6041
7 33 19507
7 34 31671
7 35 -14695
7 36 -10160
7 37 -18013
7 38 21219
7 39 -21484
7 40 -6189
7 41 -8743
7 42 -9676
7 43 -12297
7 44 5214
7 45 24480
7 46 22002
7 47 272
7 48 -22616
7 49 30966
7 50 12549
7 1 -7276
7 2 -31743
7 3 22974
7 4 16820
7 5 11452
7 6 1348
8 8 -4488
8 9 8954
8 10 20297
8 11 28521
8 12 -32538
8 13 -477
8 14 -10288
8 15 19738
8 16 -1574
8 17 7785
8 18 -23190
8 19 13182
8 20 -3764
8 21 -11906
8 22 -25775
8 23 20261
8 24 11187
8 25 -5304
8 26 -7292
8 27 2899
8 28 -16070
8 29 25748
8 30 13051
8 31 -17871
8 32 5529
8 33 -26992
8 34 -16846
8 35 -4265
8 36 22596
8 37 27374
8 38 29851
8 39 -14660
8 40 3561
8 41 17381
8 42 -18907
8 43 3791
8 44 -15864
8 45 3573
8 46 -9239
8 47 15330
8 48 -21410
8 49 339
8 50 -4256
8 1 7594
8 2 21202
8 3 2738
8 4 -4912
8 5 -379
8 6 30202
8 7 20564
9 9 -30248
9 10 -18635
9 11 13544
9 12 15572
9 13 -3738
9 14 -13694
9 15 21348
9 16 12184
9 17 14809
9 18 11176
9 19 6791
9 20 11893
9 21 29285
9 22 -22416
9 23 -3494
9 24 -22390
9 25 14143
9 26 13410
9 27 13952
9 28 -27863
9 29 -4028
9 30 25310
9 31 5244
9 32 24485
9 33 137
9 34 -6322
9 35 -5545
9 36 27993
9 37 26067
9 38 -8111
9 39 15789
9 40 28588
9 41 6022
9 42 -3435
9 43 11392
9 44 -30484
9 45 15639
9 46 -28
9 47 14469
9 48 -2319
9 49 -21620
9 50 -11508
9 1 -23194
9 2 -25103
9 3 -1156
9 4 6080
9 5 -14724
9 6 -19781
9 7 -13278
9 8 31996
10 10 -14876
10 11 15462
10 12 24538
10 13 23137
10 14 7179
10 15 -8093
10 16 -15953
10 17 -31134
10 18 -12868
10 19 -22653
10 20 -6476
10 21 -29847
10 22 -26833
10 23 32314
10 24 -513
10 25 17327
10 26 -30937
10 27 -17642
10 28 -15469
10 29 16300
10 30 12807
10 31 -4321
10 32 -27976
10 33 22381
10 34 3345
10 35 3636
10 36 -4307
10 37 21389
10 38 16623
10 39 15183
10 40 20617
10 41 -31020
10 42 -2122
10 43 12387
10 44 24885
10 45 -27711
10 46 -28473
10 47 -23836
10 48 -26076
10 49 -8573
10 50 -13721
10 1 216
10 2 -5651
10 3 -7786
10 4 -238
10 5 26604
10 6 -23227
10 7 1593
10 8 -23806
10 9 -5928
11 11 -14875
11 12 21770
11 13 22520
11 14 -10083
11 15 11383
11 16 -6903
11 17 26321
11 18 -25691
11 19 -18282
11 20 10177
11 21 22260
11 22 -30433
11 23 11925
11 24 -12630
11 25 14722
11 26 4042
11 27 -7572
11 28 19017
11 29 12974
11 30 -880
11 31 -22323
11 32 32022
11 33 32104
11 34 4794
11 35 -8532
11 36 -902
11 37 -1370
11 38 1010
11 39 -32076
11 40 7592
11 41 27850
11 42 -14183
11 43 -3406
11 44 17602
11 45 8503
11 46 -24790
11 47 -22069
11 48 2056
11 49 -17713
11 50 -7583
11 1 -20535
11 2 -28221
11 3 -5248
11 4 24158
11 5 -8082
11 6 -23293
11 7 -4568
11 8 17114
11 9 28492
11 10 -24361
12 12 -16534
12 13 -26599
12 14 -25107
12 15 -17198
12 16 10963
12 17 -871
12 18 14668
12 19 -23175
12 20 -32629
12 21 15360
12 22 17186
12 23 27990
12 24 -31590
12 25 -18988
12 26 12824
12 27 9681
12 28 -11010
12 29 23524
12 30 -21031
12 31 4045
12 32 -16827
12 33 -8797
12 34 8593
12 35 10694
12 36 -17407
12 37 -32257
12 38 20169
12 39 10794
12 40 17625
12 41 15893
12 42 19201
12 43 -31677
12 44 22063
12 45 26862
12 46 -16107
12 47 258
12 48 -6777
12 49 31329
12 50 9852
12 1 -6637
12 2 13922
12 3 -5730
12 4 -11415
12 5 15100
12 6 8050
12 7 -31359
12 8 -7987
12 9 29809
12 10 24933
12 11 3750
13 13 1086
13 14 -24661
13 15 27721
13 16 -23089
13 17 18801
13 18 -22453
13 19 -22578
13 20 6202
13 21 21109
13 22 27815
13 23 -10673
13 24 7542
13 25 28906
13 26 -21378
13 27 1636
13 28 -19969
13 29 11649
13 30 27627
13 31 -21407
13 32 -11267
13 33 -11778
13 34 25283
13 35 15771
13 36 9575
13 37 7615
13 38 -8947
13 39 10985
13 40 32396
13 41 -11906
13 42 3150
13 43 3378
13 44 21949
13 45 11257
13 46 -1668
13 47 31628
13 48 -2710
13 49 8647
13 50 -23717
13 1 -29276
13 2 -3012
13 3 -28670
13 4 -7180
13 5 -28238
13 6 -32531
13 7 4210
13 8 6166
13 9 -19732
13 10 -16909
13 11 1025
13 12 -8371
14 14 4592
14 15 22016
14 16 -15856
14 17 -12405
14 18 -1177
14 19 24527
14 20 11417
14 21 -22960
14 22 24155
14 23 32279
14 24 12959
14 25 -5234
14 26 21460
14 27 -8552
14 28 25866
14 29 20321
14 30 21507
14 31 1745
14 32 29372
14 33 24999
14 34 31501
14 35 -32066
14 36 -14949
14 37 -29505
14 38 -31829
14 39 22030
14 40 9429
14 41 -18792
14 42 -27647
14 43 -22314
14 44 5605
14 45 9714
14 46 32470
14 47 22518
14 48 30077
14 49 -1474
14 50 14277
14 1 8726
14 2 8334
14 3 5665
14 4 8238
14 5 -11475
14 6 -32337
14 7 -3070
14 8 12742
14 9 26297
14 10 -15517
14 11 1481
14 12 -4726
14 13 -18913
15 15 -6288
15 16 -5993
15 17 -18210
15 18 11532
15 19 -2730
15 20 -17271
15 21 794
15 22 -26069
15 23 -3295
15 24 5915
15 25 -15615
15 26 -30457
15 27 -17139
15 28 -15912
15 29 24829
15 30 -19829
15 31 15382
15 32 6338
15 33 21665
15 34 -9052
15 35 -20765
15 36 -2865
15 37 12242
15 38 -20334
15 39 26834
15 40 -7784
15 41 -26805
15 42 -21451
15 43 26465
15 44 1237
15 45 -7595
15 46 -12591
15 47 28012
15 48 6963
15 49 31709
15 50 -7486
15 1 22460
15 2 -265
15 3 -787
15 4 -13602
15 5 -27117
15 6 16367
15 7 -11291
15 8 -11488
15 9 -32313
15 10 -19230
15 11 1451
15 12 15837
15 13 19876
15 14 -9651
16 16 -25983
16 17 31880
16 18 20252
16 19 19027
16 20 -21222
16 21 14318
16 22 -21525
16 23 -15258
16 24 25636
16 25 -27828
16 26 18747
16 27 -14727
16 28 -7650
16 29 13992
16 30 25004
16 31 -8709
16 32 -26262
16 33 14696
16 34 23795
16 35 5720
16 36 -31674
16 37 29446
16 38 -10681
16 39 -10197
16 40 -14810
16 41 -10226
16 42 3341
16 43 19410
16 44 -27157
16 45 -9550
16 46 -23009
16 47 -20372
16 48 -10438
16 49 30011
16 50 31424
16 1 1108
16 2 11562
16 3 -22869
16 4 18618
16 5 4430
16 6 -17928
16 7 4598
16 8 22471
16 9 7190
16 10 -14178
16 11 14707
16 12 31249
16 13 -7672
16 14 -3365
16 15 22276
17 17 30816
17 18 -2270
17 19 18954
17 20 -12633
17 21 20301
17 22 -28623
17 23 9909
17 24 -9125
17 25 23555
17 26 15520
17 27 14093
17 28 -32222
17 29 27917
17 30 -29113
17 31 30557
17 32 26573
17 33 4763
17 34 9351
17 35 -29064
17 36 -9386
17 37 -18987
17 38 -14224
17 39 27980
17 40 -29284
17 41 25734
17 42 -18966
17 43 18191
17 44 24216
17 45 6130
17 46 -17941
17 47 13724
17 48 4179
17 49 12557
17 50 -89
17 1 24314
17 2 90
17 3 4056
17 4 1456
17 5 23733
17 6 -5157
17 7 -15792
17 8 5058
17 9 -4611
17 10 -20643
17 11 8713
17 12 -6822
17 13 -26838
17 14 -19291
17 15 -30238
17 16 -23133
18 18 4091
18 19 -16457
18 20 -4589
18 21 -697
18 22 -12972
18 23 -11622
18 24 13105
18 25 -27549
18 26 -20174
18 27 -13533
18 28 -12722
18 29 26318
18 30 23414
18 31 32603
18 32 -6539
18 33 14961
18 34 -74
18 35 30285
18 36 -16351
18 37 -9109
18 38 -7640
18 39 625
18 40 28718
18 41 20517
18 42 12751
18 43 4663
18 44 -19072
18 45 18681
18 46 18140
18 47 -16542
18 48 28316
18 49 -10537
18 50 -231
18 1 -9040
18 2 21534
18 3 19565
18 4 12106
18 5 1871
18 6 24785
18 7 24700
18 8 21107
18 9 -20705
18 10 18250
18 11 11753
18 12 -20869
18 13 -21056
18 14 -6054
18 15 11825
18 16 -23539
18 17 10363
19 19 -30052
19 20 1590
19 21 -21779
19 22 31434
19 23 -10661
19 24 23740
19 25 3330
19 26 3035
19 27 9653
19 28 -11298
19 29 19261
19 30 5202
19 31 10934
19 32 -13737
19 33 28930
19 34 -300
19 35 -26940
19 36 8268
19 37 -31196
19 38 30613
19 39 200
19 40 22679
19 41 -22859
19 42 -14318
19 43 1664
19 44 -10960
19 45 -2606
19 46 28379
19 47 -31903
19 48 6624
19 49 5974
19 50 -29187
19 1 -24554
19 2 16963
19 3 -30520
19 4 -2447
19 5 7935
19 6 5578
19 7 -32179
19 8 -15179
19 9 27048
19 10 19850
19 11 22791
19 12 5214
19 13 -26655
19 14 18953
19 15 -27853
19 16 -20826
19 17 -5547
19 18 -26281
20 20 -22981
20 21 27421
20 22 29166
20 23 -13072
20 24 -19665
20 25 -1938
20 26 8736
20 27 10498
20 28 -6327
20 29 9601
20 30 -15646
20 31 32416
20 32 13183
20 33 -7432
20 34 16611
20 35 15431
20 36 22889
20 37 -8221
20 38 -11759
20 39 23478
20 40 9368
20 41 -17479
20 42 10561
20 43 -609
20 44 20504
20 45 16674
20 46 -14424
20 47 25419
20 48 28616
20 49 12797
20 50 31906
20 1 -27132
20 2 7450
20 3 28304
20 4 -7436
20 5 20553
20 6 -6402
20 7 -31467
20 8 -1717
20 9 20040
20 10 10902
20 11 15405
20 12 19688
20 13 -8683
20 14 -24795
20 15 3531
20 16 -26020
20 17 30863
20 18 28078
20 19 -5011
21 21 21573
21 22 4678
21 23 10279
21 24 -634
21 25 -28699
21 26 -1985
21 27 -16727
21 28 -10355
21 29 -9334
21 30 -20879
21 31 -30326
21 32 -10196
21 33 -15243
21 34 9892
21 35 -14660
21 36 10090
21 37 -2322
21 38 11706
21 39 11391
21 40 28729
21 41 -1022
21 42 -10475
21 43 11367
21 44 -14102
21 45 13611
21 46 19340
21 47 22198
21 48 20359
21 49 17435
21 50 17508
21 1 -17419
21 2 6241
21 3 -10581
21 4 25628
21 5 -27161
21 6 -6512
21 7 -9125
21 8 -11120
21 9 15902
21 10 14309
21 11 770
21 12 18344
21 13 -28655
21 14 18295
21 15 -4531
21 16 -10547
21 17 -4383
21 18 25915
21 19 -31609
21 20 -25760
22 22 21876
22 23 138
22 24 -3466
22 25 475
22 26 18804
22 27 -22623
22 28 -12952
22 29 8234
22 30 30504
22 31 -28285
22 32 -7025
22 33 -19683
22 34 10724
22 35 15162
22 36 -26823
22 37 16332
22 38 -24118
22 39 -3180
22 40 -27556
22 41 24552
22 42 -21639
22 43 5982
22 44 10129
22 45 -17526
22 46 -8490
22 47 -27170
22 48 4695
22 49 19895
22 50 31513
22 1 5855
22 2 26904
22 3 20621
22 4 -26775
22 5 -9330
22 6 -11671
22 7 24797
22 8 815
22 9 8145
22 10 264
22 11 -1449
22 12 12628
22 13 26007
22 14 11637
22 15 -9415
22 16 8401
22 17 17582
22 18 -25851
22 19 17051
22 20 -18365
22 21 -20639
23 23 8836
23 24 -7236
23 25 18112
23 26 -13803
23 27 8007
23 28 -23146
23 29 -8205
23 30 -20066
23 31 29517
23 32 -9460
23 33 18557
23 34 23653
23 35 -21607
23 36 24550
23 37 -18445
23 38 -510
23 39 16580
23 40 15138
23 41 -25133
23 42 -15924
23 43 -19078
23 44 20264
23 45 -22685
23 46 25327
23 47 -21919
23 48 18484
23 49 10141
23 50 -15002
23 1 2767
23 2 24544
23 3 -2873
23 4 -21165
23 5 -15459
23 6 -17529
23 7 -2200
23 8 25316
23 9 -7907
23 10 22363
23 11 -27518
23 12 -11157
23 13 -19865
23 14 23808
23 15 -20272
23 16 -8703
23 17 15590
23 18 -5948
23 19 23555
23 20 -598
23 21 -23578
23 22 31191
24 24 16246
24 25 -9888
24 26 18687
24 27 26329
24 28 -17329
24 29 29536
24 30 12045
24 31 25581
24 32 -18234
24 33 -17955
24 34 17357
24 35 11661
24 36 -6352
24 37 -30870
24 38 26901
24 39 24217
24 40 27214
24 41 -13774
24 42 13812
24 43 32465
24 44 7837
24 45 26716
24 46 23505
24 47 20334
24 48 -14755
24 49 6327
24 50 -18382
24 1 -23968
24 2 -27038
24 3 -9192
24 4 -25545
24 5 21976
24 6 13689
24 7 25910
24 8 15538
24 9 29128
24 10 22678
24 11 -5185
24 12 21941
24 13 -28324
24 14 9628
24 15 6531
24 16 16106
24 17 -29491
24 18 8429
24 19 10239
24 20 27494
24 21 2876
24 22 29233
24 23 8538
25 25 2573
25 26 4303
25 27 2486
25 28 -6690
25 29 -8131
25 30 20499
25 31 32405
25 32 6255
25 33 29300
25 34 -27401
25 35 29831
25 36 -29013
25 37 27344
25 38 10752
25 39 29666
25 40 10114
25 41 7113
25 42 19576
25 43 -27839
25 44 -3714
25 45 24021
25 46 14558
25 47 -29951
25 48 7359
25 49 17835
25 50 11247
25 1 -15170
25 2 12561
25 3 -18645
25 4 -18705
25 5 -11669
25 6 16696
25 7 18366
25 8 23586
25 9 -22762
25 10 -22533
25 11 11317
25 12 -23125
25 13 16490
25 14 7849
25 15 -17757
25 16 13554
25 17 11605
25 18 -23181
25 19 -8462
25 20 8503
25 21 19701
25 22 31419
25 23 -4689
25 24 24630
26 26 -5062
26 27 -13436
26 28 6420
26 29 -2245
26 30 26691
26 31 -8513
26 32 -23766
26 33 -21247
26 34 -28720
26 35 -9643
26 36 -7183
26 37 -7620
26 38 -25715
26 39 -21585
26 40 -16802
26 41 -15709
26 42 -11349
26 43 27283
26 44 -6065
26 45 -27627
26 46 2365
26 47 8946
26 48 18695
26 49 -18798
26 50 18533
26 1 -22534
26 2 22473
26 3 5466
26 4 -23883
26 5 -14984
26 6 -2672
26 7 3823
26 8 4349
26 9 -29019
26 10 -31189
26 11 -1728
26 12 -4764
26 13 -22187
26 14 9794
26 15 -715
26 16 939
26 17 -30157
26 18 24433
26 19 7992
26 20 -18974
26 21 -25137
26 22 25052
26 23 2445
26 24 -30622
26 25 -13781
27 27 7587
27 28 4511
27 29 27933
27 30 -6486
27 31 18481
27 32 13698
27 33 3748
27 34 8186
27 35 -13604
27 36 12634
27 37 25971
27 38 16492
27 39 -16311
27 40 -2448
27 41 20241
27 42 -14732
27 43 28592
27 44 -17290
27 45 -4150
27 46 5618
27 47 14763
27 48 29557
27 49 8229
27 50 6428
27 1 4781
27 2 22024
27 3 14059
27 4 -2935
27 5 -8299
27 6 16205
27 7 16052
27 8 32056
27 9 -12051
27 10 11217
27 11 -7197
27 12 -26338
27 13 -7853
27 14 29319
27 15 14617
27 16 11311
27 17 9185
27 18 7820
27 19 -4964
27 20 25643
27 21 -27396
27 22 -17491
27 23 -21857
27 24 -31572
27 25 -2013
27 26 6761
28 28 6815
28 29 -20018
28 30 3550
28 31 -17724
28 32 19178
28 33 -24436
28 34 -28468
28 35 469
28 36 5397
28 37 -3998
28 38 -16093
28 39 -11318
28 40 -4710
28 41 4624
28 42 32667
28 43 20861
28 44 11054
28 45 -7953
28 46 17413
28 47 -7097
28 48 -29410
28 49 -6170
28 50 -32045
28 1 -1606
28 2 -13295
28 3 -26673
28 4 13672
28 5 -2383
28 6 -25476
28 7 -21109
28 8 -28390
28 9 14107
28 10 -8358
28 11 7929
28 12 29151
28 13 -21948
28 14 16261
28 15 -32084
28 16 11290
28 17 -11110
28 18 -3314
28 19 27965
28 20 10340
28 21 24744
28 22 -179
28 23 10240
28 24 12838
28 25 -21893
28 26 -30481
28 27 -2517
29 29 3779
29 30 -27123
29 31 24081
29 32 4502
29 33 4040
29 34 -21981
29 35 10598
29 36 -15056
29 37 8404
29 38 17890
29 39 -3397
29 40 12782
29 41 -771
29 42 21013
29 43 -12057
29 44 -4388
29 45 31834
29 46 -28564
29 47 -3704
29 48 10356
29 49 -6905
29 50 25750
29 1 5553
29 2 -29333
29 3 17727
29 4 -27394
29 5 13675
29 6 -2203
29 7 -16519
29 8 15962
29 9 28048
29 10 20028
29 11 21608
29 12 19361
29 13 -8237
29 14 -7120
29 15 30148
29 16 -30407
29 17 10592
29 18 5784
29 19 20251
29 20 -25573
29 21 -14201
29 22 -13288
29 23 28209
29 24 6510
29 25 15092
29 26 27275
29 27 10715
29 28 -21379
30 30 4863
30 31 -28958
30 32 -28397
30 33 -22352
30 34 -25523
30 35 22098
30 36 -16978
30 37 20921
30 38 -12873
30 39 -729
30 40 4115
30 41 -17593
30 42 -13468
30 43 -7045
30 44 -30999
30 45 11063
30 46 18603
30 47 31917
30 48 13424
30 49 -3573
30 50 4934
30 1 907
30 2 3623
30 3 23501
30 4 20387
30 5 -936
30 6 -2757
30 7 2711
30 8 -6429
30 9 -24810
30 10 14100
30 11 31202
30 12 -21000
30 13 18472
30 14 -23918
30 15 -13754
30 16 7802
30 17 -8128
30 18 -25601
30 19 27698
30 20 23911
30 21 11282
30 22 -22663
30 23 -22325
30 24 -28530
30 25 -20894
30 26 21506
30 27 22841
30 28 -21744
30 29 2162
31 31 -13499
31 32 15958
31 33 -29699
31 34 22892
31 35 6691
31 36 23456
31 37 -10812
31 38 -28834
31 39 -6600
31 40 15527
31 41 -20875
31 42 -25268
31 43 13961
31 44 -9107
31 45 25972
31 46 22811
31 47 9907
31 48 1007
31 49 -18085
31 50 17074
31 1 -4063
31 2 -26942
31 3 -4411
31 4 6042
31 5 -16498
31 6 -173
31 7 17917
31 8 -27760
31 9 -10100
31 10 28941
31 11 7171
31 12 9169
31 13 12131
31 14 10240
31 15 -707
31 16 -13946
31 17 929
31 18 21249
31 19 -10012
31 20 27097
31 21 4008
31 22 1881
31 23 -30939
31 24 -14799
31 25 25543
31 26 27802
31 27 -24756
31 28 2682
31 29 -3959
31 30 -10073
32 32 -13011
32 33 24746
32 34 -4246
32 35 15346
32 36 -1980
32 37 12024
32 38 -17595
32 39 -16831
32 40 17032
32 41 5073
32 42 -20658
32 43 -8565
32 44 -18525
32 45 24241
32 46 -31092
32 47 13536
32 48 -22473
32 49 2605
32 50 2018
32 1 284
32 2 -3066
32 3 -26742
32 4 -30603
32 5 -1237
32 6 -8772
32 7 27708
32 8 -6203
32 9 -760
32 10 -2377
32 11 22606
32 12 21936
32 13 17380
32 14 14584
32 15 -15078
32 16 -42
32 17 -20163
32 18 29714
32 19 15131
32 20 -4226
32 21 13978
32 22 -12564
32 23 7885
32 24 -27354
32 25 1679
32 26 -642
32 27 -25678
32 28 -17552
32 29 9654
32 30 9695
32 31 17234
33 33 -22830
33 34 -26139
33 35 23260
33 36 -20665
33 37 5392
33 38 -18280
33 39 -25724
33 40 31958
33 41 13729
33 42 4667
33 43 21796
33 44 2897
33 45 -10721
33 46 3613
33 47 20587
33 48 22005
33 49 16218
33 50 17533
33 1 4368
33 2 -20776
33 3 -1257
33 4 24572
33 5 19877
33 6 4157
33 7 -6516
33 8 -13532
33 9 11247
33 10 8700
33 11 28890
33 12 -11826
33 13 -6834
33 14 -26708
33 15 -5197
33 16 -16342
33 17 -14605
33 18 -32572
33 19 -1853
33 20 -7561
33 21 32154
33 22 -20892
33 23 29874
33 24 21182
33 25 14773
33 26 -13615
33 27 -7973
33 28 2592
33 29 -24378
33 30 -24523
33 31 -12643
33 32 12758
34 34 -12530
34 35 18868
34 36 4563
34 37 -25421
34 38 -9742
34 39 30815
34 40 -6185
34 41 -31263
34 42 6747
34 43 -10063
34 44 -10320
34 45 32681
34 46 -4003
34 47 17251
34 48 -16429
34 49 14161
34 50 17447
34 1 14486
34 2 -26168
34 3 16833
34 4 26362
34 5 -29061
34 6 5248
34 7 8367
34 8 -9908
34 9 30043
34 10 -21809
34 11 -1517
34 12 -27247
34 13 -1684
34 14 -21527
34 15 -7009
34 16 -15583
34 17 15804
34 18 338
34 19 7443
34 20 13851
34 21 26922
34 22 8948
34 23 -12170
34 24 -15909
34 25 31396
34 26 -12257
34 27 12857
34 28 15880
34 29 4083
34 30 -5750
34 31 559
34 32 -14199
34 33 850
35 35 -15375
35 36 -20604
35 37 4557
35 38 22641
35 39 20531
35 40 27418
35 41 19916
35 42 31491
35 43 -6867
35 44 25437
35 45 -2961
35 46 4374
35 47 -14340
35 48 14224
35 49 -12589
35 50 18767
35 1 -11101
35 2 -31506
35 3 12921
35 4 30616
35 5 -10907
35 6 29780
35 7 29244
35 8 9604
35 9 9869
35 10 12356
35 11 -19081
35 12 -28649
35 13 -19852
35 14 -511
35 15 4970
35 16 -2459
35 17 11653
35 18 -23241
35 19 -12586
35 20 -584
35 21 -28591
35 22 -25438
35 23 -1861
35 24 -2690
35 25 -32768
35 26 27947
35 27 -31083
35 28 -14340
35 29 9403
35 30 -10904
35 31 -28341
35 32 31071
35 33 -9642
35 34 17348
36 36 28919
36 37 12219
36 38 14361
36 39 25395
36 40 -10944
36 41 -8538
36 42 4984
36 43 2743
36 44 -4418
36 45 17900
36 46 -30536
36 47 -32216
36 48 -17327
36 49 13885
36 50 -22689
36 1 2855
36 2 -19466
36 3 -18511
36 4 10185
36 5 11441
36 6 11567
36 7 10185
36 8 6620
36 9 13252
36 10 28614
36 11 -16744
36 12 -30420
36 13 -32495
36 14 -18441
36 15 -7293
36 16 17622
36 17 -22290
36 18 -27842
36 19 -785
36 20 -29663
36 21 -6018
36 22 23445
36 23 8089
36 24 29494
36 25 -13741
36 26 -6779
36 27 31726
36 28 -13189
36 29 8662
36 30 12844
36 31 -3109
36 32 -21251
36 33 26146
36 34 11148
36 35 21703
37 37 4819
37 38 -10053
37 39 -880
37 40 -21328
37 41 -29568
37 42 -5034
37 43 -5304
37 44 -27220
37 45 -4760
37 46 9023
37 47 -1745
37 48 -19906
37 49 19501
37 50 3182
37 1 12077
37 2 22606
37 3 29932
37 4 2754
37 5 -2072
37 6 26658
37 7 21782
37 8 23917
37 9 25617
37 10 -24175
37 11 -188
37 12 5693
37 13 5484
37 14 11329
37 15 -929
37 16 -16136
37 17 264
37 18 -28878
37 19 6580
37 20 32153
37 21 -17438
37 22 9780
37 23 -5649
37 24 10026
37 25 15328
37 26 22359
37 27 -13719
37 28 -19184
37 29 -30315
37 30 -26986
37 31 16766
37 32 14530
37 33 28389
37 34 13930
37 35 -15483
37 36 -6451
38 38 7821
38 39 -26469
38 40 -15302
38 41 670
38 42 -17876
38 43 17278
38 44 -26405
38 45 20377
38 46 -4160
38 47 5434
38 48 -28527
38 49 28872
38 50 9324
38 1 10821
38 2 28257
38 3 24655
38 4 -12167
38 5 -10159
38 6 1913
38 7 -29606
38 8 -20568
38 9 20963
38 10 -16022
38 11 -18114
38 12 26745
38 13 -32024
38 14 29184
38 15 22366
38 16 14674
38 17 -19067
38 18 -16853
38 19 -10273
38 20 -12768
38 21 614
38 22 23165
38 23 2125
38 24 -14876
38 25 29528
38 26 -10266
38 27 13732
38 28 2194
38 29 -6025
38 30 9837
38 31 -21249
38 32 -27971
38 33 5326
38 34 -29362
38 35 -7370
38 36 27935
38 37 5319
39 39 -4208
39 40 -25400
39 41 -6486
39 42 12538
39 43 -10746
39 44 -12508
39 45 13282
39 46 -14330
39 47 -22910
39 48 -4811
39 49 -628
39 50 -6994
39 1 17684
39 2 19372
39 3 26388
39 4 8082
39 5 -11271
39 6 -21256
39 7 4842
39 8 11231
39 9 25245
39 10 -25731
39 11 -27561
39 12 2314
39 13 -14212
39 14 -22764
39 15 -25128
39 16 -10806
39 17 2634
39 18 -29960
39 19 27281
39 20 31195
39 21 -22592
39 22 -11972
39 23 10965
39 24 -570
39 25 8288
39 26 -8520
39 27 17868
39 28 18146
39 29 19437
39 30 -15528
39 31 -21616
39 32 4353
39 33 -28923
39 34 -27996
39 35 -20333
39 36 -7426
39 37 -16483
39 38 17278
40 40 -28962
40 41 -24006
40 42 24315
40 43 -23755
40 44 11076
40 45 -22665
40 46 -13751
40 47 18716
40 48 -703
40 49 21651
40 50 21524
40 1 -6190
40 2 20078
40 3 31700
40 4 14606
40 5 -1724
40 6 -1638
40 7 -9874
40 8 22524
40 9 -16537
40 10 -24495
40 11 9193
40 12 703
40 13 -13343
40 14 -19222
40 15 4548
40 16 -8570
40 17 -6786
40 18 29891
40 19 7715
40 20 -22276
40 21 -31839
40 22 16477
40 23 -30729
40 24 -22826
40 25 -5215
40 26 -20626
40 27 -3809
40 28 -19267
40 29 11439
40 30 -14926
40 31 -30510
40 32 -27519
40 33 -27615
40 34 -31578
40 35 19856
40 36 3429
40 37 -447
40 38 -22786
40 39 -6815
41 41 15784
41 42 -14513
41 43 -30390
41 44 -16281
41 45 4913
41 46 -16844
41 47 21036
41 48 29111
41 49 9138
41 50 18159
41 1 4058
41 2 19630
41 3 19088
41 4 -12233
41 5 21669
41 6 29030
41 7 15320
41 8 -31725
41 9 -7547
41 10 28821
41 11 12482
41 12 10295
41 13 31079
41 14 17732
41 15 15448
41 16 32270
41 17 4820
41 18 -13891
41 19 -945
41 20 14802
41 21 12062
41 22 -17929
41 23 -32478
41 24 14440
41 25 -1442
41 26 5203
41 27 30365
41 28 -13174
41 29 1546
41 30 6735
41 31 -27783
41 32 -27164
41 33 -6402
41 34 24073
41 35 -6629
41 36 -17501
41 37 20335
41 38 -24077
41 39 -16457
41 40 -19980
42 42 -28024
42 43 28793
42 44 23084
42 45 -29712
42 46 13757
42 47 5764
42 48 -30210
42 49 -14191
42 50 24642
42 1 1613
42 2 -32156
42 3 3936
42 4 16452
42 5 -31866
42 6 -14391
42 7 -17758
42 8 6105
42 9 -16794
42 10 1837
42 11 -25117
42 12 22709
42 13 6822
42 14 -19513
42 15 -16461
42 16 -1872
42 17 6626
42 18 -1193
42 19 -14305
42 20 15317
42 21 15118
42 22 -1516
42 23 20061
42 24 11143
42 25 -11200
42 26 23117
42 27 -7867
42 28 27332
42 29 25675
42 30 10710
42 31 19206
42 32 -5480
42 33 11322
42 34 -9625
42 35 -21796
42 36 12224
42 37 8752
42 38 -6785
42 39 -14439
42 40 24726
42 41 27820
43 43 -6788
43 44 14667
43 45 1874
43 46 6467
43 47 30975
43 48 -32766
43 49 -19675
43 50 -2986
43 1 -14302
43 2 28410
43 3 -20636
43 4 16950
43 5 15704
43 6 23275
43 7 -27018
43 8 6053
43 9 -17360
43 10 -32454
43 11 -1039
43 12 26119
43 13 19521
43 14 26249
43 15 4673
43 16 -22872
43 17 -28314
43 18 -15870
43 19 18648
43 20 -2331
43 21 2459
43 22 10606
43 23 -7279
43 24 28440
43 25 -7495
43 26 27363
43 27 2139
43 28 -9288
43 29 27366
43 30 15233
43 31 20494
43 32 -19704
43 33 10875
43 34 32626
43 35 30014
43 36 -6189
43 37 23134
43 38 -29772
43 39 32633
43 40 -26994
43 41 -29458
43 42 -1174
44 44 31893
44 45 22831
44 46 -7693
44 47 3799
44 48 32727
44 49 -3239
44 50 20697
44 1 18607
44 2 27198
44 3 -9612
44 4 -3555
44 5 -12849
44 6 -13940
44 7 21719
44 8 -18253
44 9 20968
44 10 -20337
44 11 -23655
44 12 3433
44 13 -32610
44 14 -10591
44 15 -18460
44 16 -32752
44 17 -13345
44 18 8120
44 19 23150
44 20 -10349
44 21 7985
44 22 28925
44 23 -7039
44 24 -25957
44 25 28050
44 26 -16975
44 27 -882
44 28 -919
44 29 -17016
44 30 28648
44 31 -12990
44 32 -31176
44 33 23078
44 34 10167
44 35 -1963
44 36 -22538
44 37 28995
44 38 -13012
44 39 -8023
44 40 17195
44 41 -580
44 42 1090
44 43 -12140
45 45 -422
45 46 23267
45 47 2169
45 48 -406
45 49 -22846
45 50 -22479
45 1 -10023
45 2 -427
45 3 18274
45 4 -13866
45 5 25302
45 6 25085
45 7 -18584
45 8 -24441
45 9 -8565
45 10 13266
45 11 -8688
45 12 -12685
45 13 -32492
45 14 -7096
45 15 -22374
45 16 10443
45 17 23709
45 18 -12144
45 19 6671
45 20 -22070
45 21 12601
45 22 -8902
45 23 10118
45 24 -19077
45 25 11727
45 26 -23072
45 27 -28578
45 28 -18872
45 29 9290
45 30 -18656
45 31 -8583
45 32 32035
45 33 13685
45 34 -23077
45 35 -14599
45 36 6219
45 37 -30760
45 38 -414
45 39 14547
45 40 -6557
45 41 -19916
45 42 -26909
45 43 13527
45 44 -19640
46 46 -1237
46 47 23921
46 48 23572
46 49 -10296
46 50 -20991
46 1 -2525
46 2 402
46 3 24378
46 4 21341
46 5 -22248
46 6 -27467
46 7 300
46 8 -12552
46 9 -23277
46 10 14196
46 11 29507
46 12 -9165
46 13 -27155
46 14 28774
46 15 -28248
46 16 -17464
46 17 -18592
46 18 10739
46 19 -15456
46 20 13762
46 21 -7482
46 22 10756
46 23 26614
46 24 -1623
46 25 -8485
46 26 -25794
46 27 29908
46 28 -17332
46 29 30546
46 30 -13155
46 31 -5555
46 32 -4747
46 33 20015
46 34 -13945
46 35 -16173
46 36 30536
46 37 -8644
46 38 16895
46 39 -14784
46 40 847
46 41 -1676
46 42 -18045
46 43 24450
46 44 3937
46 45 -22038
47 47 28970
47 48 19242
47 49 -7862
47 50 6941
47 1 -28982
47 2 -26868
47 3 32228
47 4 14542
47 5 32514
47 6 -2163
47 7 -26711
47 8 -26048
47 9 -5022
47 10 -11275
47 11 -28269
47 12 14591
47 13 15938
47 14 -248
47 15 1838
47 16 -30775
47 17 16347
47 18 -394
47 19 -6651
47 20 475
47 21 17591
47 22 26964
47 23 31567
47 24 32314
47 25 18646
47 26 2736
47 27 -22492
47 28 14848
47 29 -10790
47 30 2414
47 31 -10978
47 32 -7003
47 33 8314
47 34 -11518
47 35 -25229
47 36 8060
47 37 19087
47 38 -19171
47 39 14781
47 40 -18703
47 41 2322
47 42 19280
47 43 28656
47 44 -14507
47 45 -13736
47 46 -2273
48 48 -12514
48 49 -30156
48 50 30101
48 1 13604
48 2 3087
48 3 14924
48 4 7800
48 5 1886
48 6 14471
48 7 -6321
48 8 -28146
48 9 24747
48 10 -24241
48 11 -6167
48 12 -5606
48 13 -2451
48 14 19598
48 15 -30060
48 16 18799
48 17 27137
48 18 10769
48 19 5119
48 20 -24802
48 21 -7218
48 22 19184
48 23 10289
48 24 -20706
48 25 15073
48 26 28550
48 27 -1674
48 28 -19968
48 29 -16732
48 30 938
48 31 -22635
48 32 29640
48 33 -28743
48 34 25058
48 35 4673
48 36 5911
48 37 6761
48 38 31120
48 39 10534
48 40 -1260
48 41 -25889
48 42 -28401
48 43 25902
48 44 4429
48 45 23965
48 46 28611
48 47 -9540
49 49 18334
49 50 6612
49 1 28347
49 2 26301
49 3 32162
49 4 14764
49 5 3822
49 6 -21312
49 7 -2931
49 8 -396
49 9 9782
49 10 9869
49 11 15640
49 12 -22047
49 13 20002
49 14 12513
49 15 -18022
49 16 12292
49 17 -15582
49 18 20658
49 19 -13715
49 20 -17230
49 21 -1576
49 22 17794
49 23 -10351
49 24 2791
49 25 10928
49 26 26846
49 27 -6012
49 28 6771
49 29 -15461
49 30 -20446
49 31 -19385
49 32 -19882
49 33 -26913
49 34 -19991
49 35 27650
49 36 9677
49 37 -8535
49 38 -8049
49 39 -23487
49 40 -31520
49 41 -30948
49 42 24922
49 43 -20799
49 44 21823
49 45 4667
49 46 -6053
49 47 1347
49 48 21853
50 50 -18163
50 1 20401
50 2 -28145
50 3 13029
50 4 5427
50 5 -5728
50 6 -16948
50 7 -16413
50 8 -11649
50 9 9808
50 10 23127
50 11 5658
50 12 22131
50 13 -29026
50 14 18544
50 15 27986
50 16 -16248
50 17 13427
50 18 4896
50 19 7985
50 20 -27390
50 21 14177
50 22 9233
50 23 -25569
50 24 6331
50 25 21202
50 26 29022
50 27 -21770
50 28 -17618
50 29 -2399
50 30 -32685
50 31 -3013
50 32 -14766
50 33 -28062
50 34 -22751
50 35 23429
50 36 -1021
50 37 -6931
50 38 -25751
50 39 20098
50 40 -29890
50 41 30144
50 42 -7012
50 43 25009
50 44 -31650
50 45 -21236
50 46 20227
50 47 -15130
50 48 24959
50 49 -7645
0 0 0
