100 100 M
1 1 -15001
1 2 -23610
1 3 6249
1 4 -14221
1 5 23633
1 6 -8961
1 7 5194
1 8 -10004
1 9 -24791
1 10 -819
2 2 -10054
2 3 22443
2 4 -15886
2 5 -24837
2 6 10723
2 7 24902
2 8 -32644
2 9 -7486
2 10 -30636
2 11 -22536
3 3 -23781
3 4 27112
3 5 19943
3 6 -15475
3 7 -28810
3 8 -23206
3 9 31022
3 10 -3485
3 11 16947
3 12 22431
4 4 17609
4 5 -30822
4 6 31590
4 7 -8910
4 8 -12275
4 9 22455
4 10 14897
4 11 25688
4 12 -20317
4 13 22874
5 5 -7899
5 6 2397
5 7 12549
5 8 8983
5 9 10328
5 10 -9495
5 11 1118
5 12 10452
5 13 15787
5 14 3250
6 6 20685
6 7 24774
6 8 -2405
6 9 7860
6 10 -23468
6 11 1553
6 12 17422
6 13 -25214
6 14 30836
6 15 1601
7 7 29985
7 8 15677
7 9 3548
7 10 28807
7 11 -26000
7 12 24041
7 13 18494
7 14 21665
7 15 16961
7 16 30945
8 8 11772
8 9 -23705
8 10 574
8 11 -8447
8 12 18046
8 13 -21865
8 14 14826
8 15 -13604
8 16 21355
8 17 -2154
9 9 22415
9 10 9272
9 11 -10148
9 12 -12758
9 13 -15636
9 14 -848
9 15 21563
9 16 -30981
9 17 6706
9 18 19631
10 10 3388
10 11 3924
10 12 2540
10 13 -25832
10 14 -37
10 15 9308
10 16 30978
10 17 -14310
10 18 -1794
10 19 15171
11 11 -16133
11 12 -22790
11 13 24234
11 14 17210
11 15 1531
11 16 9513
11 17 28113
11 18 -16410
11 19 28677
11 20 16700
12 12 14204
12 13 18324
12 14 -6795
12 15 -28712
12 16 -27202
12 17 10337
12 18 3209
12 19 27129
12 20 12124
12 21 -22853
13 13 13992
13 14 -17255
13 15 13839
13 16 -16235
13 17 -10319
13 18 -18965
13 19 25841
13 20 -12109
13 21 -507
13 22 -8721
14 14 -29705
14 15 16128
14 16 1257
14 17 27297
14 18 570
14 19 -29979
14 20 4042
14 21 -4085
14 22 -13621
14 23 -48
15 15 -20152
15 16 -32185
15 17 -14492
15 18 5821
15 19 -28129
15 20 -8925
15 21 -16610
15 22 7848
15 23 -14564
15 24 28283
16 16 17764
16 17 32197
16 18 -21740
16 19 -1165
16 20 -16806
16 21 709
16 22 12638
16 23 -23733
16 24 21369
16 25 -20637
17 17 315
17 18 24432
17 19 28260
17 20 -31196
17 21 18961
17 22 -3938
17 23 -28407
17 24 -9764
17 25 24746
17 26 -9260
18 18 22956
18 19 -28174
18 20 -8677
18 21 -24304
18 22 10415
18 23 -4037
18 24 -461
18 25 26573
18 26 -28957
18 27 17744
19 19 22088
19 20 21575
19 21 17173
19 22 -32420
19 23 -12357
19 24 -32401
19 25 1058
19 26 -32487
19 27 -23366
19 28 -10341
20 20 -20355
20 21 9717
20 22 -18677
20 23 -24863
20 24 11290
20 25 -32484
20 26 3967
20 27 15651
20 28 -9480
20 29 -4055
21 21 -26376
21 22 -19292
21 23 539
21 24 -2285
21 25 -10827
21 26 -21814
21 27 26446
21 28 21480
21 29 -28008
21 30 30258
22 22 6456
22 23 26848
22 24 19065
22 25 -9139
22 26 27197
22 27 -26060
22 28 -8772
22 29 -4513
22 30 -25778
22 31 631
23 23 17914
23 24 -13365
23 25 -22420
23 26 32005
23 27 -5460
23 28 21638
23 29 32289
23 30 31275
23 31 4522
23 32 -9958
24 24 -5547
24 25 10914
24 26 3518
24 27 27760
24 28 -24139
24 29 25459
24 30 -26821
24 31 -30460
24 32 14172
24 33 -22061
25 25 32566
25 26 -12140
25 27 -27981
25 28 18863
25 29 11490
25 30 31984
25 31 25572
25 32 -30050
25 33 -5297
25 34 32562
26 26 3349
26 27 -20151
26 28 -13571
26 29 13698
26 30 -20914
26 31 13737
26 32 2568
26 33 -21392
26 34 12244
26 35 -25678
27 27 1418
27 28 -26071
27 29 18004
27 30 -27832
27 31 -31078
27 32 26634
27 33 30396
27 34 -25131
27 35 28942
27 36 11800
28 28 -14424
28 29 28740
28 30 32428
28 31 -9637
28 32 14835
28 33 11150
28 34 -10420
28 35 7639
28 36 13869
28 37 17051
29 29 7433
29 30 -15550
29 31 29669
29 32 26630
29 33 30916
29 34 -24013
29 35 7599
29 36 717
29 37 -12637
29 38 -12924
30 30 7807
30 31 21549
30 32 -6227
30 33 -6956
30 34 26486
30 35 -4537
30 36 -13090
30 37 24114
30 38 3100
30 39 -16916
31 31 3146
31 32 21444
31 33 -20944
31 34 2806
31 35 -20960
31 36 26659
31 37 -18811
31 38 1388
31 39 1531
31 40 27826
32 32 -14329
32 33 -23804
32 34 -20492
32 35 -17428
32 36 -29941
32 37 -22343
32 38 -8672
32 39 10426
32 40 11142
32 41 11459
33 33 30270
33 34 -13819
33 35 241
33 36 -8724
33 37 11993
33 38 -6041
33 39 19507
33 40 31671
33 41 -14695
33 42 -10160
34 34 -18013
34 35 21219
34 36 -21484
34 37 -6189
34 38 -8743
34 39 -9676
34 40 -12297
34 41 5214
34 42 24480
34 43 22002
35 35 272
35 36 -22616
35 37 30966
35 38 12549
35 39 -7276
35 40 -31743
35 41 22974
35 42 16820
35 43 11452
35 44 1348
36 36 -4488
36 37 8954
36 38 20297
36 39 28521
36 40 -32538
36 41 -477
36 42 -10288
36 43 19738
36 44 -1574
36 45 7785
37 37 -23190
37 38 13182
37 39 -3764
37 40 -11906
37 41 -25775
37 42 20261
37 43 11187
37 44 -5304
37 45 -7292
37 46 2899
38 38 -16070
38 39 25748
38 40 13051
38 41 -17871
38 42 5529
38 43 -26992
38 44 -16846
38 45 -4265
38 46 22596
38 47 27374
39 39 29851
39 40 -14660
39 41 3561
39 42 17381
39 43 -18907
39 44 3791
39 45 -15864
39 46 3573
39 47 -9239
39 48 15330
40 40 -21410
40 41 339
40 42 -4256
40 43 7594
40 44 21202
40 45 2738
40 46 -4912
40 47 -379
40 48 30202
40 49 20564
41 41 -30248
41 42 -18635
41 43 13544
41 44 15572
41 45 -3738
41 46 -13694
41 47 21348
41 48 12184
41 49 14809
41 50 11176
42 42 6791
42 43 11893
42 44 29285
42 45 -22416
42 46 -3494
42 47 -22390
42 48 14143
42 49 13410
42 50 13952
42 51 -27863
43 43 -4028
43 44 25310
43 45 5244
43 46 24485
43 47 137
43 48 -6322
43 49 -5545
43 50 27993
43 51 26067
43 52 -8111
44 44 15789
44 45 28588
44 46 6022
44 47 -3435
44 48 11392
44 49 -30484
44 50 15639
44 51 -28
44 52 14469
44 53 -2319
45 45 -21620
45 46 -11508
45 47 -23194
45 48 -25103
45 49 -1156
45 50 6080
45 51 -14724
45 52 -19781
45 53 -13278
45 54 31996
46 46 -14876
46 47 15462
46 48 24538
46 49 23137
46 50 7179
46 51 -8093
46 52 -15953
46 53 -31134
46 54 -12868
46 55 -22653
47 47 -6476
47 48 -29847
47 49 -26833
47 50 32314
47 51 -513
47 52 17327
47 53 -30937
47 54 -17642
47 55 -15469
47 56 16300
48 48 12807
48 49 -4321
48 50 -27976
48 51 22381
48 52 3345
48 53 3636
48 54 -4307
48 55 21389
48 56 16623
48 57 15183
49 49 20617
49 50 -31020
49 51 -2122
49 52 12387
49 53 24885
49 54 -27711
49 55 -28473
49 56 -23836
49 57 -26076
49 58 -8573
50 50 -13721
50 51 216
50 52 -5651
50 53 -7786
50 54 -238
50 55 26604
50 56 -23227
50 57 1593
50 58 -23806
50 59 -5928
51 51 -14875
51 52 21770
51 53 22520
51 54 -10083
51 55 11383
51 56 -6903
51 57 26321
51 58 -25691
51 59 -18282
51 60 10177
52 52 22260
52 53 -30433
52 54 11925
52 55 -12630
52 56 14722
52 57 4042
52 58 -7572
52 59 19017
52 60 12974
52 61 -880
53 53 -22323
53 54 32022
53 55 32104
53 56 4794
53 57 -8532
53 58 -902
53 59 -1370
53 60 1010
53 61 -32076
53 62 7592
54 54 27850
54 55 -14183
54 56 -3406
54 57 17602
54 58 8503
54 59 -24790
54 60 -22069
54 61 2056
54 62 -17713
54 63 -7583
55 55 -20535
55 56 -28221
55 57 -5248
55 58 24158
55 59 -8082
55 60 -23293
55 61 -4568
55 62 17114
55 63 28492
55 64 -24361
56 56 -16534
56 57 -26599
56 58 -25107
56 59 -17198
56 60 10963
56 61 -871
56 62 14668
56 63 -23175
56 64 -32629
56 65 15360
57 57 17186
57 58 27990
57 59 -31590
57 60 -18988
57 61 12824
57 62 9681
57 63 -11010
57 64 23524
57 65 -21031
57 66 4045
58 58 -16827
58 59 -8797
58 60 8593
58 61 10694
58 62 -17407
58 63 -32257
58 64 20169
58 65 10794
58 66 17625
58 67 15893
59 59 19201
59 60 -31677
59 61 22063
59 62 26862
59 63 -16107
59 64 258
59 65 -6777
59 66 31329
59 67 9852
59 68 -6637
60 60 13922
60 61 -5730
60 62 -11415
60 63 15100
60 64 8050
60 65 -31359
60 66 -7987
60 67 29809
60 68 24933
60 69 3750
61 61 1086
61 62 -24661
61 63 27721
61 64 -23089
61 65 18801
61 66 -22453
61 67 -22578
61 68 6202
61 69 21109
61 70 27815
62 62 -10673
62 63 7542
62 64 28906
62 65 -21378
62 66 1636
62 67 -19969
62 68 11649
62 69 27627
62 70 -21407
62 71 -11267
63 63 -11778
63 64 25283
63 65 15771
63 66 9575
63 67 7615
63 68 -8947
63 69 10985
63 70 32396
63 71 -11906
63 72 3150
64 64 3378
64 65 21949
64 66 11257
64 67 -1668
64 68 31628
64 69 -2710
64 70 8647
64 71 -23717
64 72 -29276
64 73 -3012
65 65 -28670
65 66 -7180
65 67 -28238
65 68 -32531
65 69 4210
65 70 6166
65 71 -19732
65 72 -16909
65 73 1025
65 74 -8371
66 66 4592
66 67 22016
66 68 -15856
66 69 -12405
66 70 -1177
66 71 24527
66 72 11417
66 73 -22960
66 74 24155
66 75 32279
67 67 12959
67 68 -5234
67 69 21460
67 70 -8552
67 71 25866
67 72 20321
67 73 21507
67 74 1745
67 75 29372
67 76 24999
68 68 31501
68 69 -32066
68 70 -14949
68 71 -29505
68 72 -31829
68 73 22030
68 74 9429
68 75 -18792
68 76 -27647
68 77 -22314
69 69 5605
69 70 9714
69 71 32470
69 72 22518
69 73 30077
69 74 -1474
69 75 14277
69 76 8726
69 77 8334
69 78 5665
70 70 8238
70 71 -11475
70 72 -32337
70 73 -3070
70 74 12742
70 75 26297
70 76 -15517
70 77 1481
70 78 -4726
70 79 -18913
71 71 -6288
71 72 -5993
71 73 -18210
71 74 11532
71 75 -2730
71 76 -17271
71 77 794
71 78 -26069
71 79 -3295
71 80 5915
72 72 -15615
72 73 -30457
72 74 -17139
72 75 -15912
72 76 24829
72 77 -19829
72 78 15382
72 79 6338
72 80 21665
72 81 -9052
73 73 -20765
73 74 -2865
73 75 12242
73 76 -20334
73 77 26834
73 78 -7784
73 79 -26805
73 80 -21451
73 81 26465
73 82 1237
74 74 -7595
74 75 -12591
74 76 28012
74 77 6963
74 78 31709
74 79 -7486
74 80 22460
74 81 -265
74 82 -787
74 83 -13602
75 75 -27117
75 76 16367
75 77 -11291
75 78 -11488
75 79 -32313
75 80 -19230
75 81 1451
75 82 15837
75 83 19876
75 84 -9651
76 76 -25983
76 77 31880
76 78 20252
76 79 19027
76 80 -21222
76 81 14318
76 82 -21525
76 83 -15258
76 84 25636
76 85 -27828
77 77 18747
77 78 -14727
77 79 -7650
77 80 13992
77 81 25004
77 82 -8709
77 83 -26262
77 84 14696
77 85 23795
77 86 5720
78 78 -31674
78 79 29446
78 80 -10681
78 81 -10197
78 82 -14810
78 83 -10226
78 84 3341
78 85 19410
78 86 -27157
78 87 -9550
79 79 -23009
79 80 -20372
79 81 -10438
79 82 30011
79 83 31424
79 84 1108
79 85 11562
79 86 -22869
79 87 18618
79 88 4430
80 80 -17928
80 81 4598
80 82 22471
80 83 7190
80 84 -14178
80 85 14707
80 86 31249
80 87 -7672
80 88 -3365
80 89 22276
81 81 30816
81 82 -2270
81 83 18954
81 84 -12633
81 85 20301
81 86 -28623
81 87 9909
81 88 -9125
81 89 23555
81 90 15520
82 82 14093
82 83 -32222
82 84 27917
82 85 -29113
82 86 30557
82 87 26573
82 88 4763
82 89 9351
82 90 -29064
82 91 -9386
83 83 -18987
83 84 -14224
83 85 27980
83 86 -29284
83 87 25734
83 88 -18966
83 89 18191
83 90 24216
83 91 6130
83 92 -17941
84 84 13724
84 85 4179
84 86 12557
84 87 -89
84 88 24314
84 89 90
84 90 4056
84 91 1456
84 92 23733
84 93 -5157
85 85 -15792
85 86 5058
85 87 -4611
85 88 -20643
85 89 8713
85 90 -6822
85 91 -26838
85 92 -19291
85 93 -30238
85 94 -23133
86 86 4091
86 87 -16457
86 88 -4589
86 89 -697
86 90 -12972
86 91 -11622
86 92 13105
86 93 -27549
86 94 -20174
86 95 -13533
87 87 -12722
87 88 26318
87 89 23414
87 90 32603
87 91 -6539
87 92 14961
87 93 -74
87 94 30285
87 95 -16351
87 96 -9109
88 88 -7640
88 89 625
88 90 28718
88 91 20517
88 92 12751
88 93 4663
88 94 -19072
88 95 18681
88 96 18140
88 97 -16542
89 89 28316
89 90 -10537
89 91 -231
89 92 -9040
89 93 21534
89 94 19565
89 95 12106
89 96 1871
89 97 24785
89 98 24700
90 90 21107
90 91 -20705
90 92 18250
90 93 11753
90 94 -20869
90 95 -21056
90 96 -6054
90 97 11825
90 98 -23539
90 99 10363
91 91 -30052
91 92 1590
91 93 -21779
91 94 31434
91 95 -10661
91 96 23740
91 97 3330
91 98 3035
91 99 9653
91 100 -11298
92 92 19261
92 93 5202
92 94 10934
92 95 -13737
92 96 28930
92 97 -300
92 98 -26940
92 99 8268
92 100 -31196
92 1 30613
93 93 200
93 94 22679
93 95 -22859
93 96 -14318
93 97 1664
93 98 -10960
93 99 -2606
93 100 28379
93 1 -31903
93 2 6624
94 94 5974
94 95 -29187
94 96 -24554
94 97 16963
94 98 -30520
94 99 -2447
94 100 7935
94 1 5578
94 2 -32179
94 3 -15179
95 95 27048
95 96 19850
95 97 22791
95 98 5214
95 99 -26655
95 100 18953
95 1 -27853
95 2 -20826
95 3 -5547
95 4 -26281
96 96 -22981
96 97 27421
96 98 29166
96 99 -13072
96 100 -19665
96 1 -1938
96 2 8736
96 3 10498
96 4 -6327
96 5 9601
97 97 -15646
97 98 32416
97 99 13183
97 100 -7432
97 1 16611
97 2 15431
97 3 22889
97 4 -8221
97 5 -11759
97 6 23478
98 98 9368
98 99 -17479
98 100 10561
98 1 -609
98 2 20504
98 3 16674
98 4 -14424
98 5 25419
98 6 28616
98 7 12797
99 99 31906
99 100 -27132
99 1 7450
99 2 28304
99 3 -7436
99 4 20553
99 5 -6402
99 6 -31467
99 7 -1717
99 8 20040
100 100 10902
100 1 15405
100 2 19688
100 3 -8683
100 4 -24795
100 5 3531
100 6 -26020
100 7 30863
100 8 28078
100 9 -5011
0 0 0
