200 200 M
1 1 1
1 2 0
1 3 -1
1 4 1
1 5 -1
1 6 1
1 7 0
1 8 -2
1 9 -1
1 10 -1
1 11 0
1 12 1
1 13 0
1 14 1
1 15 1
1 16 0
1 17 -2
1 18 0
1 19 -2
1 20 -2
2 2 1
2 3 -2
2 4 1
2 5 -1
2 6 0
2 7 0
2 8 0
2 9 1
2 10 1
2 11 1
2 12 -1
2 13 0
2 14 0
2 15 0
2 16 -1
2 17 1
2 18 -1
2 19 -2
2 20 1
2 21 0
3 3 -1
3 4 -1
3 5 -1
3 6 1
3 7 -2
3 8 -1
3 9 0
3 10 -2
3 11 1
3 12 0
3 13 -1
3 14 0
3 15 1
3 16 -2
3 17 -2
3 18 -1
3 19 0
3 20 0
3 21 -2
3 22 -1
4 4 -1
4 5 -1
4 6 -2
4 7 1
4 8 -2
4 9 -1
4 10 0
4 11 -1
4 12 -1
4 13 -1
4 14 -2
4 15 1
4 16 0
4 17 -1
4 18 0
4 19 1
4 20 0
4 21 -2
4 22 1
4 23 0
5 5 1
5 6 -2
5 7 -2
5 8 0
5 9 -2
5 10 -2
5 11 1
5 12 1
5 13 0
5 14 1
5 15 -2
5 16 -2
5 17 -2
5 18 -2
5 19 1
5 20 -2
5 21 0
5 22 0
5 23 0
5 24 1
6 6 1
6 7 0
6 8 0
6 9 0
6 10 1
6 11 -1
6 12 -1
6 13 0
6 14 -1
6 15 -2
6 16 -2
6 17 -2
6 18 -1
6 19 -2
6 20 0
6 21 -1
6 22 -1
6 23 -1
6 24 -2
6 25 1
7 7 -2
7 8 -1
7 9 1
7 10 -1
7 11 -1
7 12 1
7 13 -1
7 14 1
7 15 -1
7 16 1
7 17 1
7 18 -2
7 19 -1
7 20 -1
7 21 0
7 22 -1
7 23 0
7 24 1
7 25 1
7 26 -2
8 8 -2
8 9 1
8 10 -2
8 11 -1
8 12 1
8 13 1
8 14 0
8 15 -2
8 16 -2
8 17 1
8 18 -2
8 19 -1
8 20 -2
8 21 1
8 22 0
8 23 -1
8 24 0
8 25 1
8 26 -1
8 27 1
9 9 1
9 10 -2
9 11 -2
9 12 -2
9 13 -1
9 14 0
9 15 -1
9 16 -2
9 17 0
9 18 -2
9 19 -2
9 20 0
9 21 1
9 22 -2
9 23 1
9 24 1
9 25 1
9 26 -1
9 27 1
9 28 -2
10 10 -2
10 11 1
10 12 -1
10 13 -2
10 14 1
10 15 1
10 16 0
10 17 -1
10 18 0
10 19 1
10 20 -1
10 21 -1
10 22 1
10 23 -1
10 24 0
10 25 -2
10 26 1
10 27 1
10 28 -2
10 29 -1
11 11 -2
11 12 -2
11 13 1
11 14 1
11 15 -1
11 16 0
11 17 0
11 18 -2
11 19 -2
11 20 0
11 21 -2
11 22 -2
11 23 -1
11 24 -1
11 25 -1
11 26 -2
11 27 -2
11 28 1
11 29 0
11 30 1
12 12 0
12 13 1
12 14 -2
12 15 -1
12 16 -2
12 17 0
12 18 -1
12 19 1
12 20 0
12 21 0
12 22 -1
12 23 0
12 24 0
12 25 -2
12 26 -1
12 27 1
12 28 1
12 29 -2
12 30 -2
12 31 1
13 13 0
13 14 -2
13 15 1
13 16 1
13 17 0
13 18 -2
13 19 -2
13 20 0
13 21 1
13 22 0
13 23 -1
13 24 -1
13 25 -1
13 26 0
13 27 0
13 28 -1
13 29 -2
13 30 -2
13 31 -2
13 32 0
14 14 0
14 15 -1
14 16 -2
14 17 -2
14 18 0
14 19 0
14 20 -2
14 21 -1
14 22 0
14 23 -2
14 24 -2
14 25 -2
14 26 -2
14 27 1
14 28 1
14 29 0
14 30 -2
14 31 1
14 32 -1
14 33 1
15 15 -1
15 16 0
15 17 -1
15 18 0
15 19 -2
15 20 1
15 21 1
15 22 -1
15 23 1
15 24 -2
15 25 1
15 26 -1
15 27 -1
15 28 -2
15 29 0
15 30 1
15 31 0
15 32 0
15 33 -2
15 34 -2
16 16 0
16 17 -2
16 18 -2
16 19 0
16 20 -2
16 21 1
16 22 -1
16 23 -2
16 24 1
16 25 0
16 26 1
16 27 -2
16 28 -2
16 29 -2
16 30 1
16 31 -1
16 32 -2
16 33 0
16 34 0
16 35 1
17 17 0
17 18 -1
17 19 -1
17 20 -2
17 21 -1
17 22 1
17 23 1
17 24 1
17 25 -1
17 26 -2
17 27 1
17 28 1
17 29 -2
17 30 1
17 31 -1
17 32 -2
17 33 1
17 34 0
17 35 -2
17 36 0
18 18 -2
18 19 -2
18 20 0
18 21 -1
18 22 -2
18 23 -1
18 24 0
18 25 -2
18 26 -2
18 27 -2
18 28 -2
18 29 0
18 30 -1
18 31 -1
18 32 0
18 33 1
18 34 -2
18 35 0
18 36 0
18 37 -1
19 19 0
19 20 0
19 21 -2
19 22 0
19 23 -1
19 24 -1
19 25 1
19 26 -2
19 27 -2
19 28 1
19 29 0
19 30 -2
19 31 1
19 32 -1
19 33 -1
19 34 -2
19 35 0
19 36 1
19 37 -2
19 38 0
20 20 1
20 21 -2
20 22 -1
20 23 -1
20 24 -1
20 25 1
20 26 -2
20 27 -1
20 28 -1
20 29 0
20 30 0
20 31 1
20 32 -2
20 33 0
20 34 0
20 35 0
20 36 -2
20 37 -1
20 38 0
20 39 -2
21 21 -2
21 22 -1
21 23 -2
21 24 -2
21 25 0
21 26 0
21 27 -2
21 28 -2
21 29 -1
21 30 -2
21 31 1
21 32 -1
21 33 -1
21 34 -2
21 35 0
21 36 0
21 37 1
21 38 0
21 39 -2
21 40 -1
22 22 -2
22 23 0
22 24 -2
22 25 -1
22 26 -1
22 27 0
22 28 1
22 29 -1
22 30 1
22 31 -1
22 32 -1
22 33 -2
22 34 0
22 35 -1
22 36 -2
22 37 -2
22 38 1
22 39 -2
22 40 -1
22 41 -1
23 23 -2
23 24 -2
23 25 0
23 26 -1
23 27 -2
23 28 -2
23 29 -2
23 30 1
23 31 0
23 32 -2
23 33 -2
23 34 0
23 35 0
23 36 -1
23 37 1
23 38 1
23 39 1
23 40 0
23 41 -2
23 42 1
24 24 -2
24 25 -1
24 26 1
24 27 0
24 28 1
24 29 1
24 30 1
24 31 0
24 32 1
24 33 -2
24 34 1
24 35 1
24 36 -2
24 37 -1
24 38 -1
24 39 -2
24 40 -1
24 41 -1
24 42 1
24 43 1
25 25 -1
25 26 -2
25 27 0
25 28 1
25 29 -1
25 30 -1
25 31 1
25 32 -2
25 33 -2
25 34 1
25 35 1
25 36 -2
25 37 -1
25 38 0
25 39 0
25 40 -2
25 41 -1
25 42 -1
25 43 0
25 44 -2
26 26 -1
26 27 0
26 28 -2
26 29 -1
26 30 1
26 31 -1
26 32 -1
26 33 -1
26 34 0
26 35 -1
26 36 -2
26 37 1
26 38 -1
26 39 0
26 40 0
26 41 0
26 42 -2
26 43 -1
26 44 0
26 45 -2
27 27 -1
27 28 0
27 29 -2
27 30 0
27 31 -2
27 32 0
27 33 0
27 34 0
27 35 -2
27 36 -2
27 37 0
27 38 -1
27 39 0
27 40 0
27 41 1
27 42 0
27 43 1
27 44 -2
27 45 1
27 46 -1
28 28 -1
28 29 1
28 30 -2
28 31 0
28 32 0
28 33 1
28 34 -2
28 35 0
28 36 -2
28 37 1
28 38 0
28 39 -1
28 40 -1
28 41 0
28 42 1
28 43 -1
28 44 -2
28 45 -1
28 46 1
28 47 -2
29 29 0
29 30 0
29 31 0
29 32 -2
29 33 -2
29 34 -1
29 35 0
29 36 -2
29 37 -1
29 38 -1
29 39 -1
29 40 1
29 41 -1
29 42 0
29 43 -1
29 44 1
29 45 -1
29 46 0
29 47 -1
29 48 -1
30 30 -1
30 31 1
30 32 1
30 33 0
30 34 -1
30 35 0
30 36 1
30 37 -1
30 38 -2
30 39 1
30 40 0
30 41 0
30 42 -1
30 43 -2
30 44 0
30 45 -1
30 46 -1
30 47 -1
30 48 -1
30 49 0
31 31 0
31 32 1
31 33 -1
31 34 1
31 35 -1
31 36 1
31 37 0
31 38 0
31 39 -1
31 40 1
31 41 1
31 42 0
31 43 0
31 44 0
31 45 -2
31 46 1
31 47 -1
31 48 1
31 49 -1
31 50 -1
32 32 0
32 33 1
32 34 1
32 35 1
32 36 1
32 37 -1
32 38 -1
32 39 -2
32 40 0
32 41 0
32 42 0
32 43 -1
32 44 -1
32 45 -2
32 46 -2
32 47 0
32 48 1
32 49 1
32 50 -2
32 51 -2
33 33 0
33 34 -2
33 35 0
33 36 -1
33 37 0
33 38 0
33 39 -2
33 40 1
33 41 -1
33 42 -1
33 43 -2
33 44 -2
33 45 -2
33 46 1
33 47 1
33 48 1
33 49 -1
33 50 -2
33 51 1
33 52 1
34 34 1
34 35 0
34 36 -2
34 37 -2
34 38 0
34 39 -1
34 40 1
34 41 -1
34 42 -2
34 43 1
34 44 -1
34 45 0
34 46 1
34 47 1
34 48 1
34 49 0
34 50 -1
34 51 -2
34 52 -1
34 53 0
35 35 -1
35 36 0
35 37 0
35 38 0
35 39 -1
35 40 0
35 41 -1
35 42 0
35 43 0
35 44 -1
35 45 0
35 46 -1
35 47 1
35 48 0
35 49 0
35 50 -1
35 51 1
35 52 -1
35 53 0
35 54 1
36 36 -2
36 37 1
36 38 0
36 39 -2
36 40 0
36 41 -1
36 42 0
36 43 1
36 44 -1
36 45 1
36 46 -1
36 47 1
36 48 -1
36 49 -2
36 50 -1
36 51 1
36 52 0
36 53 0
36 54 -1
36 55 -2
37 37 1
37 38 1
37 39 0
37 40 0
37 41 0
37 42 -2
37 43 1
37 44 -1
37 45 -1
37 46 -1
37 47 -1
37 48 -1
37 49 -2
37 50 1
37 51 -1
37 52 0
37 53 -2
37 54 1
37 55 -1
37 56 0
38 38 1
38 39 1
38 40 -1
38 41 -2
38 42 1
38 43 0
38 44 1
38 45 -1
38 46 -2
38 47 -1
38 48 -1
38 49 -2
38 50 -2
38 51 1
38 52 0
38 53 0
38 54 1
38 55 0
38 56 -2
38 57 -2
39 39 1
39 40 -1
39 41 0
39 42 -2
39 43 -2
39 44 1
39 45 0
39 46 -2
39 47 1
39 48 -2
39 49 0
39 50 0
39 51 1
39 52 1
39 53 0
39 54 0
39 55 -1
39 56 0
39 57 1
39 58 0
40 40 1
40 41 -2
40 42 0
40 43 1
40 44 -2
40 45 -2
40 46 0
40 47 1
40 48 0
40 49 0
40 50 -2
40 51 0
40 52 1
40 53 0
40 54 0
40 55 1
40 56 -1
40 57 -2
40 58 1
40 59 -2
41 41 -2
41 42 0
41 43 0
41 44 1
41 45 -1
41 46 -1
41 47 -1
41 48 1
41 49 1
41 50 -2
41 51 -1
41 52 0
41 53 -1
41 54 1
41 55 -1
41 56 -1
41 57 1
41 58 1
41 59 -2
41 60 0
42 42 -1
42 43 -2
42 44 -2
42 45 -2
42 46 0
42 47 0
42 48 1
42 49 -2
42 50 0
42 51 1
42 52 -2
42 53 1
42 54 -1
42 55 1
42 56 0
42 57 0
42 58 -2
42 59 -2
42 60 -1
42 61 1
43 43 -2
43 44 0
43 45 -1
43 46 -1
43 47 -1
43 48 0
43 49 0
43 50 -1
43 51 0
43 52 1
43 53 1
43 54 1
43 55 1
43 56 1
43 57 -2
43 58 0
43 59 -1
43 60 1
43 61 0
43 62 1
44 44 0
44 45 0
44 46 0
44 47 1
44 48 -1
44 49 -1
44 50 0
44 51 -1
44 52 -1
44 53 1
44 54 -2
44 55 -1
44 56 0
44 57 -1
44 58 1
44 59 1
44 60 -2
44 61 -1
44 62 -2
44 63 0
45 45 -2
45 46 1
45 47 -1
45 48 -2
45 49 0
45 50 -1
45 51 0
45 52 1
45 53 -1
45 54 -2
45 55 1
45 56 1
45 57 0
45 58 -1
45 59 1
45 60 -2
45 61 0
45 62 -1
45 63 -1
45 64 1
46 46 -2
46 47 0
46 48 -1
46 49 0
46 50 1
46 51 -2
46 52 0
46 53 1
46 54 -1
46 55 0
46 56 -1
46 57 0
46 58 0
46 59 1
46 60 0
46 61 -2
46 62 -2
46 63 -2
46 64 -2
46 65 -1
47 47 -2
47 48 1
47 49 -1
47 50 0
47 51 -2
47 52 -2
47 53 0
47 54 1
47 55 -1
47 56 -2
47 57 0
47 58 -1
47 59 0
47 60 1
47 61 -2
47 62 -1
47 63 1
47 64 0
47 65 -1
47 66 -1
48 48 -2
48 49 0
48 50 1
48 51 0
48 52 -1
48 53 -1
48 54 1
48 55 0
48 56 -1
48 57 1
48 58 1
48 59 -1
48 60 0
48 61 -2
48 62 1
48 63 0
48 64 -2
48 65 0
48 66 -1
48 67 -1
49 49 0
49 50 -2
49 51 1
49 52 -2
49 53 1
49 54 1
49 55 -1
49 56 1
49 57 -1
49 58 0
49 59 -2
49 60 -1
49 61 -1
49 62 1
49 63 -2
49 64 0
49 65 -2
49 66 1
49 67 -2
49 68 -1
50 50 0
50 51 -2
50 52 0
50 53 -2
50 54 -2
50 55 -1
50 56 0
50 57 -1
50 58 1
50 59 -2
50 60 0
50 61 -1
50 62 -2
50 63 -1
50 64 -1
50 65 1
50 66 -2
50 67 1
50 68 0
50 69 -1
51 51 -1
51 52 0
51 53 1
51 54 0
51 55 -1
51 56 1
51 57 -1
51 58 -1
51 59 0
51 60 -1
51 61 0
51 62 -2
51 63 -1
51 64 -2
51 65 -2
51 66 0
51 67 0
51 68 0
51 69 1
51 70 -1
52 52 0
52 53 -1
52 54 1
52 55 0
52 56 1
52 57 -2
52 58 0
52 59 1
52 60 1
52 61 -2
52 62 -1
52 63 -1
52 64 1
52 65 -2
52 66 1
52 67 -2
52 68 1
52 69 -2
52 70 0
52 71 -1
53 53 0
53 54 -2
53 55 -1
53 56 1
53 57 -1
53 58 -1
53 59 -1
53 60 1
53 61 1
53 62 -2
53 63 -2
53 64 0
53 65 0
53 66 1
53 67 -2
53 68 -1
53 69 -2
53 70 0
53 71 -2
53 72 1
54 54 1
54 55 -1
54 56 -2
54 57 0
54 58 -1
54 59 -2
54 60 0
54 61 -2
54 62 -2
54 63 -2
54 64 -1
54 65 0
54 66 -1
54 67 0
54 68 0
54 69 0
54 70 1
54 71 1
54 72 -1
54 73 1
55 55 -2
55 56 -1
55 57 -1
55 58 0
55 59 -1
55 60 -1
55 61 1
55 62 -1
55 63 -2
55 64 1
55 65 -2
55 66 1
55 67 -1
55 68 -1
55 69 -1
55 70 0
55 71 -1
55 72 1
55 73 1
55 74 -1
56 56 -2
56 57 -2
56 58 -2
56 59 -1
56 60 1
56 61 0
56 62 1
56 63 0
56 64 -1
56 65 -2
56 66 -1
56 67 -1
56 68 -1
56 69 0
56 70 1
56 71 0
56 72 -2
56 73 0
56 74 1
56 75 -2
57 57 0
57 58 -2
57 59 1
57 60 1
57 61 -1
57 62 -2
57 63 -1
57 64 0
57 65 1
57 66 -2
57 67 1
57 68 1
57 69 -1
57 70 1
57 71 -2
57 72 -2
57 73 -1
57 74 1
57 75 0
57 76 1
58 58 1
58 59 -2
58 60 -2
58 61 -1
58 62 0
58 63 -2
58 64 1
58 65 0
58 66 0
58 67 1
58 68 0
58 69 -2
58 70 1
58 71 -1
58 72 1
58 73 -2
58 74 -1
58 75 -1
58 76 0
58 77 -1
59 59 -1
59 60 -1
59 61 -2
59 62 0
59 63 -1
59 64 -1
59 65 0
59 66 0
59 67 -2
59 68 -1
59 69 -1
59 70 -2
59 71 -1
59 72 0
59 73 -1
59 74 1
59 75 0
59 76 -2
59 77 0
59 78 -2
60 60 1
60 61 -2
60 62 -1
60 63 0
60 64 0
60 65 -2
60 66 0
60 67 1
60 68 -1
60 69 -2
60 70 -2
60 71 1
60 72 0
60 73 -1
60 74 -1
60 75 1
60 76 0
60 77 -2
60 78 -1
60 79 0
61 61 -1
61 62 1
61 63 0
61 64 0
61 65 -1
61 66 1
61 67 -1
61 68 1
61 69 -2
61 70 1
61 71 1
61 72 1
61 73 -2
61 74 -2
61 75 0
61 76 0
61 77 -1
61 78 -2
61 79 -1
61 80 0
62 62 -1
62 63 0
62 64 -1
62 65 1
62 66 1
62 67 1
62 68 0
62 69 -1
62 70 1
62 71 1
62 72 1
62 73 -2
62 74 0
62 75 0
62 76 0
62 77 1
62 78 -1
62 79 1
62 80 0
62 81 -1
63 63 1
63 64 0
63 65 -1
63 66 1
63 67 0
63 68 1
63 69 -1
63 70 1
63 71 1
63 72 0
63 73 0
63 74 -2
63 75 -2
63 76 1
63 77 1
63 78 1
63 79 0
63 80 -1
63 81 -2
63 82 -1
64 64 -1
64 65 -2
64 66 -1
64 67 1
64 68 0
64 69 1
64 70 1
64 71 1
64 72 1
64 73 -1
64 74 -1
64 75 0
64 76 1
64 77 0
64 78 -1
64 79 0
64 80 -1
64 81 0
64 82 -1
64 83 -2
65 65 -2
65 66 1
65 67 -1
65 68 -1
65 69 1
65 70 -2
65 71 -2
65 72 -1
65 73 0
65 74 -1
65 75 1
65 76 1
65 77 -1
65 78 -2
65 79 0
65 80 1
65 81 -2
65 82 -1
65 83 0
65 84 1
66 66 1
66 67 1
66 68 -1
66 69 0
66 70 -1
66 71 0
66 72 -2
66 73 0
66 74 -2
66 75 0
66 76 1
66 77 -2
66 78 -1
66 79 -2
66 80 -1
66 81 -2
66 82 -2
66 83 0
66 84 0
66 85 0
67 67 1
67 68 -1
67 69 -1
67 70 -2
67 71 -1
67 72 -2
67 73 1
67 74 -1
67 75 -1
67 76 -1
67 77 -2
67 78 -2
67 79 -1
67 80 -1
67 81 1
67 82 0
67 83 1
67 84 1
67 85 -1
67 86 1
68 68 -1
68 69 -2
68 70 -2
68 71 1
68 72 -2
68 73 -1
68 74 1
68 75 -2
68 76 1
68 77 -1
68 78 1
68 79 0
68 80 0
68 81 -2
68 82 0
68 83 -2
68 84 -2
68 85 -1
68 86 -1
68 87 0
69 69 1
69 70 0
69 71 0
69 72 -2
69 73 1
69 74 -1
69 75 0
69 76 1
69 77 -1
69 78 1
69 79 0
69 80 0
69 81 1
69 82 0
69 83 -1
69 84 1
69 85 -2
69 86 -1
69 87 -2
69 88 1
70 70 0
70 71 1
70 72 0
70 73 -1
70 74 1
70 75 -2
70 76 -1
70 77 -2
70 78 0
70 79 0
70 80 0
70 81 -1
70 82 -2
70 83 -2
70 84 -1
70 85 -2
70 86 0
70 87 1
70 88 1
70 89 1
71 71 1
71 72 -1
71 73 -1
71 74 0
71 75 -2
71 76 1
71 77 0
71 78 -2
71 79 -2
71 80 0
71 81 1
71 82 0
71 83 -1
71 84 -1
71 85 1
71 86 -2
71 87 0
71 88 -2
71 89 -2
71 90 -2
72 72 1
72 73 0
72 74 -1
72 75 1
72 76 1
72 77 0
72 78 1
72 79 -1
72 80 -1
72 81 0
72 82 -2
72 83 -2
72 84 -2
72 85 -1
72 86 1
72 87 -2
72 88 -2
72 89 -1
72 90 -2
72 91 -2
73 73 1
73 74 1
73 75 1
73 76 -2
73 77 -1
73 78 0
73 79 -2
73 80 1
73 81 1
73 82 -1
73 83 1
73 84 0
73 85 1
73 86 -2
73 87 -1
73 88 0
73 89 0
73 90 -1
73 91 1
73 92 1
74 74 1
74 75 1
74 76 -2
74 77 1
74 78 -1
74 79 1
74 80 1
74 81 -1
74 82 -2
74 83 1
74 84 0
74 85 1
74 86 1
74 87 -1
74 88 1
74 89 -2
74 90 1
74 91 1
74 92 1
74 93 0
75 75 -2
75 76 0
75 77 -2
75 78 -2
75 79 0
75 80 0
75 81 0
75 82 -2
75 83 1
75 84 0
75 85 1
75 86 0
75 87 -1
75 88 1
75 89 0
75 90 0
75 91 0
75 92 -1
75 93 -2
75 94 0
76 76 -1
76 77 0
76 78 -1
76 79 -2
76 80 1
76 81 -2
76 82 -2
76 83 0
76 84 -2
76 85 1
76 86 -1
76 87 -2
76 88 -1
76 89 -1
76 90 -2
76 91 1
76 92 1
76 93 1
76 94 1
76 95 0
77 77 -1
77 78 0
77 79 -1
77 80 0
77 81 0
77 82 1
77 83 -1
77 84 -2
77 85 -2
77 86 -1
77 87 1
77 88 -1
77 89 1
77 90 -2
77 91 -1
77 92 0
77 93 -1
77 94 -1
77 95 -2
77 96 -1
78 78 -2
78 79 -1
78 80 -1
78 81 -1
78 82 1
78 83 0
78 84 -2
78 85 0
78 86 -1
78 87 1
78 88 -1
78 89 0
78 90 0
78 91 0
78 92 -2
78 93 -2
78 94 -1
78 95 -1
78 96 -2
78 97 -1
79 79 0
79 80 1
79 81 1
79 82 -1
79 83 -2
79 84 -2
79 85 1
79 86 -1
79 87 0
79 88 -2
79 89 0
79 90 0
79 91 -1
79 92 1
79 93 -2
79 94 -2
79 95 -1
79 96 -2
79 97 1
79 98 0
80 80 -2
80 81 -2
80 82 -2
80 83 0
80 84 0
80 85 -1
80 86 0
80 87 1
80 88 0
80 89 0
80 90 -2
80 91 -1
80 92 0
80 93 1
80 94 0
80 95 0
80 96 -2
80 97 0
80 98 1
80 99 0
81 81 0
81 82 -1
81 83 -2
81 84 1
81 85 -2
81 86 -2
81 87 -2
81 88 0
81 89 -1
81 90 1
81 91 -2
81 92 -1
81 93 1
81 94 -1
81 95 1
81 96 -1
81 97 0
81 98 -1
81 99 -2
81 100 -2
82 82 1
82 83 -2
82 84 -1
82 85 -1
82 86 -2
82 87 -2
82 88 1
82 89 -2
82 90 0
82 91 0
82 92 0
82 93 -2
82 94 1
82 95 0
82 96 1
82 97 -2
82 98 1
82 99 1
82 100 0
82 101 -2
83 83 0
83 84 0
83 85 -1
83 86 -1
83 87 1
83 88 -2
83 89 0
83 90 -1
83 91 -1
83 92 0
83 93 0
83 94 -2
83 95 1
83 96 1
83 97 0
83 98 1
83 99 1
83 100 -1
83 101 1
83 102 -1
84 84 -2
84 85 -1
84 86 -1
84 87 1
84 88 1
84 89 -1
84 90 1
84 91 0
84 92 -2
84 93 -1
84 94 0
84 95 1
84 96 -2
84 97 1
84 98 -2
84 99 1
84 100 1
84 101 1
84 102 -1
84 103 -2
85 85 -1
85 86 1
85 87 -1
85 88 -2
85 89 0
85 90 1
85 91 1
85 92 0
85 93 -2
85 94 0
85 95 1
85 96 -2
85 97 1
85 98 -1
85 99 -2
85 100 1
85 101 0
85 102 1
85 103 -1
85 104 0
86 86 -1
86 87 -2
86 88 -1
86 89 -1
86 90 1
86 91 0
86 92 -2
86 93 1
86 94 -1
86 95 -1
86 96 1
86 97 0
86 98 -2
86 99 -2
86 100 1
86 101 1
86 102 1
86 103 0
86 104 -1
86 105 -2
87 87 -1
87 88 -2
87 89 -2
87 90 -2
87 91 -1
87 92 -2
87 93 1
87 94 1
87 95 -2
87 96 -1
87 97 0
87 98 -1
87 99 -1
87 100 1
87 101 0
87 102 -2
87 103 -1
87 104 0
87 105 1
87 106 0
88 88 -2
88 89 1
88 90 -1
88 91 -2
88 92 1
88 93 -2
88 94 1
88 95 1
88 96 0
88 97 -2
88 98 1
88 99 1
88 100 -1
88 101 1
88 102 -2
88 103 0
88 104 -2
88 105 1
88 106 0
88 107 -2
89 89 -2
89 90 -2
89 91 -1
89 92 -1
89 93 1
89 94 1
89 95 0
89 96 -1
89 97 -1
89 98 -1
89 99 1
89 100 -1
89 101 -2
89 102 -2
89 103 0
89 104 -2
89 105 -2
89 106 -1
89 107 1
89 108 1
90 90 0
90 91 0
90 92 0
90 93 1
90 94 -1
90 95 0
90 96 -1
90 97 -1
90 98 0
90 99 1
90 100 -1
90 101 0
90 102 1
90 103 0
90 104 -2
90 105 1
90 106 -1
90 107 0
90 108 -2
90 109 1
91 91 1
91 92 1
91 93 -2
91 94 -2
91 95 -2
91 96 0
91 97 -2
91 98 -2
91 99 -2
91 100 1
91 101 1
91 102 0
91 103 -1
91 104 0
91 105 -1
91 106 0
91 107 -2
91 108 0
91 109 -2
91 110 0
92 92 0
92 93 -1
92 94 -1
92 95 -1
92 96 -2
92 97 -1
92 98 -2
92 99 -1
92 100 1
92 101 -2
92 102 -2
92 103 0
92 104 -2
92 105 -1
92 106 0
92 107 -2
92 108 1
92 109 0
92 110 -2
92 111 1
93 93 -1
93 94 -2
93 95 -1
93 96 0
93 97 0
93 98 0
93 99 -1
93 100 0
93 101 -1
93 102 -1
93 103 -1
93 104 1
93 105 0
93 106 0
93 107 -2
93 108 0
93 109 1
93 110 -1
93 111 -2
93 112 0
94 94 -1
94 95 -2
94 96 -2
94 97 -1
94 98 -1
94 99 1
94 100 -1
94 101 -1
94 102 -1
94 103 0
94 104 -2
94 105 1
94 106 0
94 107 0
94 108 -1
94 109 -2
94 110 -2
94 111 0
94 112 0
94 113 -1
95 95 1
95 96 1
95 97 -2
95 98 0
95 99 -1
95 100 -1
95 101 -2
95 102 -2
95 103 0
95 104 -2
95 105 0
95 106 1
95 107 -1
95 108 1
95 109 -1
95 110 0
95 111 0
95 112 0
95 113 1
95 114 1
96 96 -2
96 97 -2
96 98 0
96 99 0
96 100 0
96 101 -2
96 102 0
96 103 0
96 104 0
96 105 -1
96 106 -2
96 107 0
96 108 -2
96 109 -2
96 110 -2
96 111 0
96 112 -1
96 113 -2
96 114 0
96 115 1
97 97 -1
97 98 -1
97 99 1
97 100 0
97 101 -2
97 102 -2
97 103 -2
97 104 0
97 105 0
97 106 -2
97 107 -1
97 108 1
97 109 -2
97 110 -2
97 111 -1
97 112 0
97 113 -2
97 114 -2
97 115 -2
97 116 0
98 98 -1
98 99 -2
98 100 -2
98 101 -1
98 102 -1
98 103 -2
98 104 1
98 105 0
98 106 -1
98 107 0
98 108 0
98 109 0
98 110 1
98 111 -1
98 112 -2
98 113 1
98 114 -1
98 115 -2
98 116 -1
98 117 1
99 99 -2
99 100 0
99 101 0
99 102 -2
99 103 0
99 104 -2
99 105 0
99 106 0
99 107 -2
99 108 1
99 109 -1
99 110 -1
99 111 1
99 112 -1
99 113 0
99 114 -2
99 115 0
99 116 0
99 117 1
99 118 1
100 100 -2
100 101 -1
100 102 -1
100 103 1
100 104 0
100 105 -1
100 106 0
100 107 1
100 108 -1
100 109 1
100 110 0
100 111 0
100 112 -1
100 113 -1
100 114 0
100 115 -2
100 116 -1
100 117 -1
100 118 0
100 119 -1
101 101 -2
101 102 1
101 103 0
101 104 1
101 105 -1
101 106 -2
101 107 -2
101 108 1
101 109 0
101 110 1
101 111 0
101 112 0
101 113 -2
101 114 1
101 115 -1
101 116 0
101 117 -2
101 118 1
101 119 -1
101 120 -1
102 102 0
102 103 1
102 104 1
102 105 -2
102 106 -2
102 107 0
102 108 -2
102 109 -1
102 110 1
102 111 0
102 112 0
102 113 1
102 114 0
102 115 -2
102 116 0
102 117 1
102 118 -1
102 119 0
102 120 0
102 121 1
103 103 -1
103 104 -2
103 105 0
103 106 -1
103 107 1
103 108 1
103 109 1
103 110 1
103 111 1
103 112 -2
103 113 -2
103 114 -1
103 115 -2
103 116 -2
103 117 -1
103 118 -2
103 119 0
103 120 -1
103 121 0
103 122 -1
104 104 -2
104 105 -2
104 106 -2
104 107 0
104 108 -1
104 109 0
104 110 -1
104 111 0
104 112 -1
104 113 1
104 114 -1
104 115 0
104 116 1
104 117 1
104 118 -2
104 119 0
104 120 1
104 121 1
104 122 -1
104 123 0
105 105 -2
105 106 -1
105 107 1
105 108 -2
105 109 -1
105 110 -1
105 111 -2
105 112 1
105 113 0
105 114 0
105 115 -2
105 116 0
105 117 1
105 118 -2
105 119 -2
105 120 -2
105 121 1
105 122 -1
105 123 0
105 124 -2
106 106 -2
106 107 1
106 108 0
106 109 1
106 110 1
106 111 0
106 112 -1
106 113 0
106 114 0
106 115 0
106 116 -2
106 117 0
106 118 -2
106 119 1
106 120 0
106 121 -1
106 122 -2
106 123 0
106 124 -1
106 125 1
107 107 -1
107 108 -1
107 109 -1
107 110 -2
107 111 0
107 112 0
107 113 -2
107 114 -1
107 115 1
107 116 0
107 117 -1
107 118 -2
107 119 -1
107 120 1
107 121 1
107 122 -2
107 123 0
107 124 -1
107 125 0
107 126 -2
108 108 1
108 109 0
108 110 0
108 111 1
108 112 0
108 113 -2
108 114 -1
108 115 0
108 116 0
108 117 0
108 118 -1
108 119 1
108 120 1
108 121 1
108 122 1
108 123 -1
108 124 -1
108 125 1
108 126 0
108 127 -2
109 109 -1
109 110 1
109 111 -2
109 112 1
109 113 1
109 114 -2
109 115 1
109 116 -1
109 117 -1
109 118 0
109 119 -1
109 120 -2
109 121 -2
109 122 1
109 123 -2
109 124 0
109 125 1
109 126 -1
109 127 -1
109 128 -1
110 110 1
110 111 0
110 112 -1
110 113 0
110 114 -1
110 115 -2
110 116 -2
110 117 0
110 118 -2
110 119 0
110 120 1
110 121 -1
110 122 0
110 123 1
110 124 -2
110 125 -1
110 126 1
110 127 -2
110 128 0
110 129 -2
111 111 0
111 112 1
111 113 -1
111 114 0
111 115 0
111 116 -1
111 117 -1
111 118 -1
111 119 0
111 120 0
111 121 0
111 122 -1
111 123 -2
111 124 1
111 125 1
111 126 0
111 127 -2
111 128 1
111 129 -2
111 130 -2
112 112 0
112 113 1
112 114 -1
112 115 -2
112 116 1
112 117 0
112 118 -1
112 119 0
112 120 0
112 121 1
112 122 1
112 123 -2
112 124 0
112 125 -2
112 126 0
112 127 -2
112 128 -1
112 129 1
112 130 -1
112 131 1
113 113 -1
113 114 1
113 115 -2
113 116 0
113 117 1
113 118 1
113 119 -2
113 120 1
113 121 1
113 122 -2
113 123 1
113 124 -1
113 125 -2
113 126 -2
113 127 -1
113 128 1
113 129 0
113 130 0
113 131 -1
113 132 -2
114 114 -1
114 115 -2
114 116 -2
114 117 1
114 118 -2
114 119 1
114 120 1
114 121 -1
114 122 0
114 123 -2
114 124 -2
114 125 -2
114 126 1
114 127 -2
114 128 0
114 129 0
114 130 -2
114 131 0
114 132 -1
114 133 1
115 115 0
115 116 -2
115 117 -2
115 118 0
115 119 -1
115 120 -1
115 121 -1
115 122 1
115 123 1
115 124 1
115 125 -2
115 126 -2
115 127 1
115 128 -2
115 129 1
115 130 -2
115 131 1
115 132 0
115 133 -1
115 134 0
116 116 0
116 117 0
116 118 0
116 119 -1
116 120 0
116 121 -2
116 122 -2
116 123 0
116 124 0
116 125 -1
116 126 -1
116 127 -2
116 128 0
116 129 -1
116 130 1
116 131 1
116 132 0
116 133 -2
116 134 0
116 135 -1
117 117 1
117 118 0
117 119 -1
117 120 1
117 121 1
117 122 -2
117 123 1
117 124 0
117 125 0
117 126 -2
117 127 -2
117 128 -2
117 129 0
117 130 0
117 131 0
117 132 -1
117 133 0
117 134 0
117 135 1
117 136 -2
118 118 1
118 119 -1
118 120 -1
118 121 -1
118 122 0
118 123 -2
118 124 -2
118 125 -1
118 126 -2
118 127 1
118 128 0
118 129 -2
118 130 -1
118 131 -2
118 132 1
118 133 -2
118 134 -2
118 135 0
118 136 1
118 137 1
119 119 0
119 120 1
119 121 1
119 122 -1
119 123 0
119 124 -1
119 125 0
119 126 -2
119 127 1
119 128 -1
119 129 -1
119 130 1
119 131 0
119 132 0
119 133 -2
119 134 -1
119 135 0
119 136 -1
119 137 0
119 138 0
120 120 -2
120 121 -2
120 122 0
120 123 -1
120 124 -2
120 125 -1
120 126 0
120 127 -1
120 128 1
120 129 -1
120 130 -2
120 131 0
120 132 -2
120 133 1
120 134 1
120 135 0
120 136 -1
120 137 -1
120 138 1
120 139 -2
121 121 0
121 122 -2
121 123 1
121 124 -1
121 125 0
121 126 -2
121 127 0
121 128 -2
121 129 -1
121 130 -2
121 131 0
121 132 -1
121 133 -2
121 134 -1
121 135 0
121 136 -1
121 137 0
121 138 -2
121 139 0
121 140 0
122 122 -1
122 123 0
122 124 -2
122 125 0
122 126 -1
122 127 1
122 128 -2
122 129 0
122 130 -2
122 131 1
122 132 1
122 133 0
122 134 1
122 135 0
122 136 1
122 137 -1
122 138 0
122 139 -1
122 140 -1
122 141 1
123 123 -1
123 124 -2
123 125 -2
123 126 0
123 127 -1
123 128 1
123 129 1
123 130 1
123 131 1
123 132 -1
123 133 -1
123 134 -1
123 135 1
123 136 -1
123 137 1
123 138 -2
123 139 -2
123 140 1
123 141 1
123 142 -2
124 124 1
124 125 0
124 126 1
124 127 0
124 128 -2
124 129 0
124 130 -2
124 131 1
124 132 -2
124 133 -1
124 134 0
124 135 -1
124 136 -1
124 137 1
124 138 1
124 139 0
124 140 0
124 141 0
124 142 0
124 143 -1
125 125 1
125 126 1
125 127 0
125 128 0
125 129 -1
125 130 -1
125 131 1
125 132 -1
125 133 -1
125 134 0
125 135 0
125 136 -2
125 137 -2
125 138 -1
125 139 0
125 140 -2
125 141 1
125 142 0
125 143 1
125 144 1
126 126 -2
126 127 0
126 128 -1
126 129 -1
126 130 -1
126 131 -2
126 132 -2
126 133 1
126 134 1
126 135 0
126 136 -2
126 137 0
126 138 -1
126 139 1
126 140 -1
126 141 0
126 142 -2
126 143 -2
126 144 -2
126 145 -1
127 127 0
127 128 0
127 129 -1
127 130 0
127 131 1
127 132 -2
127 133 0
127 134 0
127 135 0
127 136 0
127 137 0
127 138 0
127 139 -2
127 140 1
127 141 -2
127 142 -1
127 143 1
127 144 -2
127 145 -2
127 146 0
128 128 0
128 129 -2
128 130 -1
128 131 1
128 132 1
128 133 0
128 134 0
128 135 -2
128 136 0
128 137 0
128 138 -1
128 139 -2
128 140 -2
128 141 1
128 142 0
128 143 1
128 144 1
128 145 -2
128 146 -1
128 147 -1
129 129 0
129 130 1
129 131 -2
129 132 0
129 133 0
129 134 -2
129 135 1
129 136 0
129 137 -2
129 138 1
129 139 -2
129 140 0
129 141 -2
129 142 -1
129 143 -1
129 144 1
129 145 1
129 146 1
129 147 1
129 148 -1
130 130 -1
130 131 -1
130 132 -1
130 133 -1
130 134 -2
130 135 1
130 136 -2
130 137 1
130 138 -2
130 139 0
130 140 -2
130 141 0
130 142 -1
130 143 -2
130 144 -1
130 145 -2
130 146 -2
130 147 -2
130 148 0
130 149 -2
131 131 -2
131 132 0
131 133 0
131 134 -2
131 135 -2
131 136 -2
131 137 1
131 138 1
131 139 1
131 140 1
131 141 -1
131 142 -1
131 143 -2
131 144 0
131 145 0
131 146 -2
131 147 0
131 148 1
131 149 1
131 150 0
132 132 -1
132 133 1
132 134 -2
132 135 0
132 136 -2
132 137 -1
132 138 0
132 139 -2
132 140 0
132 141 -2
132 142 -1
132 143 0
132 144 1
132 145 1
132 146 0
132 147 1
132 148 1
132 149 -1
132 150 0
132 151 1
133 133 -2
133 134 1
133 135 -2
133 136 -2
133 137 0
133 138 0
133 139 -2
133 140 -2
133 141 -1
133 142 1
133 143 0
133 144 0
133 145 1
133 146 0
133 147 -1
133 148 1
133 149 -2
133 150 1
133 151 1
133 152 0
134 134 -2
134 135 -2
134 136 -2
134 137 1
134 138 -2
134 139 0
134 140 0
134 141 1
134 142 1
134 143 -2
134 144 0
134 145 -2
134 146 -2
134 147 0
134 148 -2
134 149 0
134 150 -1
134 151 -1
134 152 0
134 153 0
135 135 -2
135 136 -2
135 137 -1
135 138 1
135 139 0
135 140 0
135 141 0
135 142 0
135 143 -1
135 144 0
135 145 -2
135 146 -1
135 147 0
135 148 -2
135 149 -2
135 150 0
135 151 0
135 152 0
135 153 0
135 154 0
136 136 1
136 137 -2
136 138 0
136 139 1
136 140 1
136 141 0
136 142 -1
136 143 -2
136 144 1
136 145 1
136 146 0
136 147 -2
136 148 1
136 149 1
136 150 1
136 151 -1
136 152 -1
136 153 0
136 154 -2
136 155 1
137 137 -2
137 138 -2
137 139 -2
137 140 0
137 141 -1
137 142 -1
137 143 -1
137 144 1
137 145 1
137 146 1
137 147 -1
137 148 0
137 149 1
137 150 1
137 151 -1
137 152 0
137 153 0
137 154 0
137 155 0
137 156 -1
138 138 -1
138 139 -1
138 140 -1
138 141 -2
138 142 -2
138 143 -1
138 144 0
138 145 0
138 146 1
138 147 0
138 148 -1
138 149 1
138 150 0
138 151 -1
138 152 -1
138 153 1
138 154 0
138 155 0
138 156 1
138 157 0
139 139 -1
139 140 -2
139 141 -2
139 142 -1
139 143 -2
139 144 0
139 145 1
139 146 0
139 147 -2
139 148 0
139 149 1
139 150 0
139 151 1
139 152 -1
139 153 0
139 154 1
139 155 0
139 156 -2
139 157 -1
139 158 -1
140 140 0
140 141 0
140 142 -2
140 143 -1
140 144 -2
140 145 -1
140 146 -2
140 147 0
140 148 -2
140 149 1
140 150 -2
140 151 -1
140 152 -2
140 153 -1
140 154 0
140 155 -2
140 156 1
140 157 0
140 158 0
140 159 1
141 141 -2
141 142 -1
141 143 -1
141 144 1
141 145 0
141 146 -2
141 147 0
141 148 -2
141 149 -2
141 150 -2
141 151 -1
141 152 1
141 153 0
141 154 -1
141 155 -2
141 156 0
141 157 1
141 158 -2
141 159 -1
141 160 1
142 142 -2
142 143 -1
142 144 -2
142 145 -2
142 146 0
142 147 1
142 148 -2
142 149 -1
142 150 -1
142 151 0
142 152 -1
142 153 -1
142 154 1
142 155 0
142 156 -2
142 157 0
142 158 0
142 159 0
142 160 0
142 161 1
143 143 0
143 144 -2
143 145 0
143 146 -1
143 147 -1
143 148 0
143 149 1
143 150 -2
143 151 0
143 152 -2
143 153 1
143 154 0
143 155 0
143 156 -2
143 157 0
143 158 -2
143 159 1
143 160 0
143 161 0
143 162 -2
144 144 -2
144 145 1
144 146 -1
144 147 -2
144 148 -1
144 149 -1
144 150 0
144 151 -2
144 152 1
144 153 -2
144 154 1
144 155 0
144 156 -2
144 157 -1
144 158 1
144 159 0
144 160 1
144 161 0
144 162 0
144 163 -1
145 145 1
145 146 0
145 147 -2
145 148 -1
145 149 0
145 150 0
145 151 -1
145 152 -1
145 153 -1
145 154 1
145 155 -1
145 156 -1
145 157 0
145 158 0
145 159 -1
145 160 -2
145 161 1
145 162 1
145 163 -2
145 164 0
146 146 -2
146 147 1
146 148 -2
146 149 -2
146 150 -2
146 151 1
146 152 0
146 153 1
146 154 0
146 155 -1
146 156 -2
146 157 -1
146 158 1
146 159 -2
146 160 0
146 161 -1
146 162 1
146 163 1
146 164 0
146 165 -2
147 147 1
147 148 1
147 149 -1
147 150 -1
147 151 -1
147 152 1
147 153 -1
147 154 -2
147 155 0
147 156 -1
147 157 0
147 158 0
147 159 -2
147 160 1
147 161 1
147 162 -2
147 163 0
147 164 -1
147 165 1
147 166 -2
148 148 0
148 149 -2
148 150 -1
148 151 -1
148 152 -2
148 153 1
148 154 0
148 155 1
148 156 1
148 157 -2
148 158 1
148 159 0
148 160 1
148 161 -1
148 162 1
148 163 -2
148 164 -2
148 165 -1
148 166 -2
148 167 0
149 149 0
149 150 1
149 151 -1
149 152 1
149 153 0
149 154 -2
149 155 1
149 156 -2
149 157 -1
149 158 1
149 159 -1
149 160 -2
149 161 1
149 162 0
149 163 -1
149 164 1
149 165 0
149 166 -2
149 167 1
149 168 -1
150 150 -2
150 151 0
150 152 1
150 153 -2
150 154 1
150 155 0
150 156 -2
150 157 1
150 158 1
150 159 -1
150 160 0
150 161 0
150 162 -2
150 163 1
150 164 -1
150 165 0
150 166 1
150 167 -2
150 168 0
150 169 -2
151 151 1
151 152 1
151 153 -2
151 154 0
151 155 0
151 156 0
151 157 0
151 158 -2
151 159 0
151 160 -1
151 161 -1
151 162 0
151 163 1
151 164 -2
151 165 0
151 166 1
151 167 0
151 168 1
151 169 0
151 170 0
152 152 -2
152 153 -2
152 154 -2
152 155 -2
152 156 1
152 157 -1
152 158 0
152 159 0
152 160 -1
152 161 -2
152 162 1
152 163 -1
152 164 -2
152 165 1
152 166 1
152 167 0
152 168 -1
152 169 -1
152 170 0
152 171 1
153 153 0
153 154 1
153 155 0
153 156 0
153 157 1
153 158 -2
153 159 -1
153 160 -1
153 161 1
153 162 1
153 163 1
153 164 1
153 165 -2
153 166 1
153 167 1
153 168 1
153 169 -2
153 170 -1
153 171 0
153 172 0
154 154 0
154 155 -1
154 156 1
154 157 0
154 158 -2
154 159 0
154 160 -2
154 161 0
154 162 -2
154 163 0
154 164 -1
154 165 0
154 166 -1
154 167 1
154 168 -2
154 169 -2
154 170 -2
154 171 -1
154 172 -1
154 173 1
155 155 -1
155 156 -1
155 157 1
155 158 -1
155 159 -2
155 160 0
155 161 -2
155 162 -1
155 163 -2
155 164 0
155 165 1
155 166 0
155 167 1
155 168 0
155 169 -2
155 170 -2
155 171 -2
155 172 -2
155 173 0
155 174 -2
156 156 0
156 157 1
156 158 1
156 159 1
156 160 1
156 161 1
156 162 1
156 163 1
156 164 -1
156 165 -2
156 166 0
156 167 0
156 168 -1
156 169 -1
156 170 1
156 171 0
156 172 -2
156 173 1
156 174 1
156 175 -2
157 157 0
157 158 0
157 159 0
157 160 -1
157 161 -2
157 162 0
157 163 -1
157 164 -2
157 165 0
157 166 1
157 167 -1
157 168 -2
157 169 1
157 170 -2
157 171 1
157 172 0
157 173 1
157 174 0
157 175 -1
157 176 -2
158 158 0
158 159 1
158 160 0
158 161 -2
158 162 -1
158 163 -1
158 164 0
158 165 -1
158 166 -1
158 167 -1
158 168 -1
158 169 1
158 170 1
158 171 1
158 172 -2
158 173 1
158 174 -1
158 175 0
158 176 1
158 177 1
159 159 -1
159 160 -2
159 161 1
159 162 -2
159 163 -2
159 164 0
159 165 0
159 166 -2
159 167 -2
159 168 1
159 169 -2
159 170 0
159 171 1
159 172 1
159 173 0
159 174 -2
159 175 -2
159 176 -2
159 177 -1
159 178 -1
160 160 -1
160 161 0
160 162 -2
160 163 -2
160 164 -1
160 165 -1
160 166 1
160 167 0
160 168 1
160 169 1
160 170 -1
160 171 -2
160 172 1
160 173 -2
160 174 -1
160 175 -2
160 176 0
160 177 1
160 178 -2
160 179 0
161 161 1
161 162 -2
161 163 -2
161 164 0
161 165 1
161 166 1
161 167 0
161 168 -2
161 169 1
161 170 1
161 171 -1
161 172 -1
161 173 -1
161 174 0
161 175 -1
161 176 0
161 177 1
161 178 -1
161 179 -2
161 180 0
162 162 -2
162 163 -1
162 164 0
162 165 1
162 166 -1
162 167 1
162 168 1
162 169 1
162 170 1
162 171 1
162 172 -1
162 173 0
162 174 -2
162 175 -1
162 176 -2
162 177 1
162 178 -2
162 179 0
162 180 1
162 181 -2
163 163 -1
163 164 -1
163 165 -1
163 166 0
163 167 1
163 168 0
163 169 -2
163 170 0
163 171 1
163 172 -2
163 173 -2
163 174 1
163 175 -1
163 176 0
163 177 1
163 178 0
163 179 0
163 180 0
163 181 -1
163 182 -1
164 164 0
164 165 0
164 166 1
164 167 0
164 168 1
164 169 1
164 170 -1
164 171 -2
164 172 -1
164 173 -1
164 174 -2
164 175 0
164 176 0
164 177 -1
164 178 -2
164 179 -1
164 180 1
164 181 -2
164 182 1
164 183 1
165 165 -2
165 166 1
165 167 0
165 168 -1
165 169 -1
165 170 -1
165 171 1
165 172 1
165 173 -2
165 174 -2
165 175 -2
165 176 0
165 177 0
165 178 1
165 179 -2
165 180 -1
165 181 0
165 182 -1
165 183 -1
165 184 1
166 166 0
166 167 -1
166 168 -1
166 169 -2
166 170 0
166 171 -1
166 172 -1
166 173 0
166 174 -1
166 175 -2
166 176 -1
166 177 -1
166 178 1
166 179 1
166 180 0
166 181 -1
166 182 -1
166 183 -1
166 184 -2
166 185 -1
167 167 -1
167 168 -1
167 169 1
167 170 1
167 171 -2
167 172 1
167 173 -1
167 174 1
167 175 -2
167 176 0
167 177 0
167 178 1
167 179 -2
167 180 -2
167 181 1
167 182 0
167 183 -1
167 184 -1
167 185 -2
167 186 1
168 168 -1
168 169 -1
168 170 -2
168 171 -1
168 172 -1
168 173 1
168 174 0
168 175 0
168 176 -2
168 177 0
168 178 1
168 179 0
168 180 1
168 181 0
168 182 -1
168 183 -2
168 184 -1
168 185 0
168 186 1
168 187 -1
169 169 -1
169 170 -1
169 171 -2
169 172 -1
169 173 -1
169 174 -2
169 175 1
169 176 1
169 177 -1
169 178 -2
169 179 0
169 180 0
169 181 -1
169 182 0
169 183 1
169 184 0
169 185 -1
169 186 -1
169 187 -2
169 188 0
170 170 -2
170 171 1
170 172 -2
170 173 1
170 174 -1
170 175 -1
170 176 1
170 177 0
170 178 -2
170 179 0
170 180 -2
170 181 -1
170 182 -2
170 183 -2
170 184 0
170 185 -1
170 186 -2
170 187 -1
170 188 -2
170 189 -1
171 171 -1
171 172 0
171 173 -2
171 174 1
171 175 -1
171 176 1
171 177 -1
171 178 0
171 179 -1
171 180 0
171 181 -2
171 182 -1
171 183 -1
171 184 -2
171 185 -2
171 186 1
171 187 0
171 188 -2
171 189 -1
171 190 0
172 172 0
172 173 -1
172 174 1
172 175 0
172 176 0
172 177 -1
172 178 -2
172 179 0
172 180 0
172 181 -2
172 182 -2
172 183 -2
172 184 1
172 185 -2
172 186 1
172 187 -2
172 188 1
172 189 -2
172 190 0
172 191 -2
173 173 0
173 174 1
173 175 -1
173 176 -2
173 177 1
173 178 0
173 179 1
173 180 -1
173 181 0
173 182 -2
173 183 1
173 184 -2
173 185 0
173 186 0
173 187 1
173 188 -2
173 189 1
173 190 1
173 191 0
173 192 0
174 174 1
174 175 0
174 176 0
174 177 0
174 178 0
174 179 -1
174 180 0
174 181 0
174 182 -1
174 183 -1
174 184 0
174 185 -2
174 186 -2
174 187 -2
174 188 -2
174 189 1
174 190 0
174 191 1
174 192 -1
174 193 -2
175 175 1
175 176 -2
175 177 -2
175 178 -1
175 179 1
175 180 1
175 181 -1
175 182 0
175 183 0
175 184 -2
175 185 -2
175 186 0
175 187 0
175 188 0
175 189 -2
175 190 -1
175 191 1
175 192 1
175 193 1
175 194 -1
176 176 -2
176 177 -1
176 178 -1
176 179 -2
176 180 -1
176 181 -1
176 182 1
176 183 1
176 184 -2
176 185 -2
176 186 1
176 187 1
176 188 -1
176 189 -2
176 190 -1
176 191 -2
176 192 1
176 193 0
176 194 0
176 195 0
177 177 0
177 178 1
177 179 -2
177 180 -1
177 181 -1
177 182 -2
177 183 0
177 184 -1
177 185 1
177 186 -1
177 187 0
177 188 1
177 189 0
177 190 1
177 191 1
177 192 -2
177 193 -2
177 194 1
177 195 1
177 196 -2
178 178 1
178 179 1
178 180 1
178 181 -2
178 182 1
178 183 -2
178 184 -2
178 185 0
178 186 1
178 187 1
178 188 -2
178 189 -1
178 190 0
178 191 -2
178 192 0
178 193 1
178 194 -1
178 195 -2
178 196 -2
178 197 -2
179 179 -1
179 180 0
179 181 -2
179 182 -2
179 183 -1
179 184 1
179 185 -2
179 186 -1
179 187 0
179 188 1
179 189 -1
179 190 0
179 191 0
179 192 -1
179 193 0
179 194 -1
179 195 -1
179 196 1
179 197 -2
179 198 -2
180 180 0
180 181 -2
180 182 0
180 183 -2
180 184 -1
180 185 -2
180 186 1
180 187 0
180 188 -1
180 189 -2
180 190 0
180 191 0
180 192 0
180 193 0
180 194 0
180 195 -2
180 196 0
180 197 0
180 198 -1
180 199 -2
181 181 0
181 182 1
181 183 0
181 184 -2
181 185 -2
181 186 -1
181 187 0
181 188 -1
181 189 -2
181 190 0
181 191 0
181 192 0
181 193 0
181 194 -2
181 195 0
181 196 1
181 197 -2
181 198 -1
181 199 -1
181 200 -1
182 182 -1
182 183 -2
182 184 -2
182 185 -2
182 186 0
182 187 0
182 188 -2
182 189 -2
182 190 -1
182 191 -1
182 192 -1
182 193 1
182 194 -2
182 195 1
182 196 1
182 197 -2
182 198 -2
182 199 -1
182 200 0
182 1 -2
183 183 1
183 184 -2
183 185 0
183 186 0
183 187 -2
183 188 -2
183 189 -1
183 190 -2
183 191 0
183 192 1
183 193 0
183 194 1
183 195 1
183 196 0
183 197 1
183 198 -1
183 199 -2
183 200 1
183 1 0
183 2 -1
184 184 -1
184 185 1
184 186 -2
184 187 -1
184 188 0
184 189 -2
184 190 0
184 191 1
184 192 -1
184 193 -2
184 194 1
184 195 -1
184 196 -2
184 197 0
184 198 1
184 199 -2
184 200 0
184 1 -2
184 2 -2
184 3 -2
185 185 1
185 186 0
185 187 -2
185 188 0
185 189 -2
185 190 1
185 191 -2
185 192 -1
185 193 1
185 194 0
185 195 0
185 196 -2
185 197 -1
185 198 1
185 199 -1
185 200 1
185 1 1
185 2 1
185 3 0
185 4 -2
186 186 1
186 187 0
186 188 -1
186 189 1
186 190 -2
186 191 -2
186 192 1
186 193 0
186 194 -1
186 195 -2
186 196 1
186 197 -2
186 198 0
186 199 1
186 200 1
186 1 1
186 2 0
186 3 1
186 4 -2
186 5 -1
187 187 -1
187 188 0
187 189 -1
187 190 0
187 191 -1
187 192 1
187 193 -1
187 194 -2
187 195 0
187 196 -2
187 197 -1
187 198 0
187 199 0
187 200 0
187 1 -1
187 2 0
187 3 1
187 4 -1
187 5 -2
187 6 -2
188 188 -1
188 189 1
188 190 -2
188 191 1
188 192 0
188 193 1
188 194 0
188 195 -1
188 196 0
188 197 0
188 198 0
188 199 1
188 200 -1
188 1 -2
188 2 -1
188 3 0
188 4 1
188 5 1
188 6 1
188 7 -1
189 189 1
189 190 -2
189 191 1
189 192 -1
189 193 0
189 194 -1
189 195 1
189 196 -1
189 197 0
189 198 1
189 199 -1
189 200 1
189 1 1
189 2 0
189 3 0
189 4 -1
189 5 -1
189 6 -1
189 7 0
189 8 -2
190 190 1
190 191 -1
190 192 1
190 193 -2
190 194 -1
190 195 -1
190 196 1
190 197 -2
190 198 -2
190 199 0
190 200 -1
190 1 1
190 2 0
190 3 -1
190 4 -2
190 5 -2
190 6 0
190 7 1
190 8 0
190 9 -2
191 191 0
191 192 1
191 193 1
191 194 -1
191 195 -1
191 196 -1
191 197 1
191 198 1
191 199 0
191 200 -1
191 1 1
191 2 0
191 3 0
191 4 0
191 5 0
191 6 1
191 7 1
191 8 -1
191 9 1
191 10 1
192 192 1
192 193 -1
192 194 0
192 195 -1
192 196 0
192 197 0
192 198 0
192 199 -2
192 200 -1
192 1 -2
192 2 -2
192 3 -2
192 4 1
192 5 1
192 6 -1
192 7 -1
192 8 -2
192 9 -2
192 10 -2
192 11 1
193 193 0
193 194 1
193 195 -1
193 196 -2
193 197 -1
193 198 1
193 199 -2
193 200 -1
193 1 -1
193 2 1
193 3 -2
193 4 -2
193 5 -2
193 6 1
193 7 0
193 8 0
193 9 -1
193 10 -2
193 11 0
193 12 1
194 194 -2
194 195 0
194 196 1
194 197 1
194 198 -1
194 199 -2
194 200 -2
194 1 0
194 2 -1
194 3 -2
194 4 -1
194 5 1
194 6 1
194 7 0
194 8 1
194 9 -1
194 10 -1
194 11 1
194 12 0
194 13 0
195 195 1
195 196 0
195 197 1
195 198 1
195 199 -1
195 200 -1
195 1 0
195 2 1
195 3 -1
195 4 -2
195 5 0
195 6 -1
195 7 1
195 8 -1
195 9 -2
195 10 -2
195 11 -1
195 12 -1
195 13 0
195 14 0
196 196 -1
196 197 1
196 198 -1
196 199 -1
196 200 -1
196 1 -1
196 2 0
196 3 1
196 4 -2
196 5 -2
196 6 -1
196 7 1
196 8 0
196 9 -2
196 10 1
196 11 -2
196 12 -1
196 13 -1
196 14 1
196 15 0
197 197 -1
197 198 -1
197 199 1
197 200 -2
197 1 0
197 2 -2
197 3 -1
197 4 1
197 5 -1
197 6 1
197 7 0
197 8 0
197 9 1
197 10 1
197 11 1
197 12 -2
197 13 -2
197 14 -1
197 15 1
197 16 -1
198 198 -1
198 199 -1
198 200 -2
198 1 -2
198 2 -1
198 3 1
198 4 -2
198 5 1
198 6 -2
198 7 1
198 8 -1
198 9 0
198 10 -2
198 11 -1
198 12 0
198 13 0
198 14 -1
198 15 1
198 16 -1
198 17 0
199 199 1
199 200 1
199 1 -2
199 2 0
199 3 1
199 4 -2
199 5 0
199 6 1
199 7 -1
199 8 0
199 9 -2
199 10 1
199 11 1
199 12 -1
199 13 1
199 14 -2
199 15 -2
199 16 1
199 17 1
199 18 -1
200 200 0
200 1 -1
200 2 1
200 3 0
200 4 0
200 5 -1
200 6 -2
200 7 1
200 8 -1
200 9 -1
200 10 -1
200 11 -2
200 12 -1
200 13 -1
200 14 0
200 15 -2
200 16 -1
200 17 -2
200 18 1
200 19 1
0 0 0
